47
47
0
0
41.3431
41.3431
1
0
35.6863
35.6863
2
1
30.0294
30.0294
3
2
24.3726
24.3726
4
3
18.7157
18.7157
5
4
13.0589
13.0589
6
5
7.40202
7.40202
7
6
1.74517
1.74517
8
7
-3.91169
-3.91169
9
8
-9.56854
-9.56854
10
9
-15.2254
-15.2254
11
10
-20.8823
-20.8823
12
11
-26.5391
-26.5391
13
12
-32.196
-32.196
14
13
-37.8528
-37.8528
15
14
-43.5097
-43.5097
16
15
-47
-47
17
16
-9.99468
-21.2785
18
1289
-43.0609
-45.869
19
497
-31.6293
-20.3674
20
1125
-30.9642
-41.9206
21
873
18.0581
6.81322
22
1945
-4.32137
-26.9188
23
81
19.9914
-0.949663
24
2010
21.609
-8.78442
25
403
28.2921
-13.1816
26
2543
13.0932
24.4067
27
198
-37.8409
-15.3259
28
2172
23.3248
-19.4526
29
1414
-2.78685
-34.7703
30
982
26.0231
7.55975
31
2596
-28.0595
-18.6007
32
1635
13.7021
-10.002
33
1968
-24.5852
-38.0281
34
1200
-1.64207
-42.6879
35
1057
-42.932
-9.155
36
1953
9.877
31.7317
37
1575
2.50832
34.8466
38
894
-39.0855
-14.3665
39
386
-4.54156
-39.0648
40
80
-4.53295
6.70351
41
660
-29.7996
-45.6084
42
2833
5.95442
-45.1966
43
1633
-11.2375
11.0681
44
736
16.6904
-21.7226
45
2517
-19.2134
10.4481
46
1070
-6.92334
-28.9384
47
1735
12.6219
9.5744
48
1382
29.5449
-16.1326
49
2345
-4.3616
38.9459
50
1439
-24.1845
16.7162
51
811
-3.64462
8.15134
52
1684
9.66303
-42.9082
53
1939
24.0788
6.44622
54
1230
-32.1375
15.8507
55
2054
31.249
13.6171
56
1766
-24.3315
13.3134
57
551
31.9196
2.67599
58
1077
-6.63301
-37.1231
59
231
17.6397
-42.2983
60
842
-4.62356
43.7647
61
344
6.18757
20.3679
62
1912
-35.4188
-27.4431
63
2625
-46.319
-10.13
64
2074
21.6123
-9.56978
65
403
-43.6044
-20.968
66
2530
33.798
5.99212
67
1522
3.03312
8.0186
68
2117
-35.4143
23.1488
69
1145
-12.3446
39.4676
70
547
34.0286
20.1921
71
2820
41.1839
29.8746
72
2901
-43.2542
-46.6228
73
240
-12.2892
-7.00935
74
402
-14.1188
-3.43725
75
146
37.6095
36.7385
76
1
28.0075
15.004
77
319
7.6836
-35.157
78
307
-4.92777
37.3649
79
2136
-1.3599
-32.9377
80
2039
-2.00419
-20.5754
81
600
13.4281
-44.7833
82
2411
-21.9922
-2.01967
83
808
-40.4172
21.9555
84
69
2.03161
1.74835
85
7
-25.3657
9.6035
86
337
34.8003
-22.1642
87
2200
17.8652
22.3204
88
114
23.6597
34.8696
89
1904
5.22267
42.3721
90
1037
-32.6631
6.3251
91
86
40.9438
4.44447
92
2546
-15.989
9.76887
93
2657
-6.80217
30.7623
94
423
-28.6083
-34.1369
95
2399
44.3884
45.0617
96
0
8.54416
16.6945
97
2448
7.69074
18.3659
98
2594
-43.1043
-20.7906
99
2033
-32.9135
4.35387
100
2753
34.8503
-22.7791
101
366
39.5987
2.24067
102
2092
40.0867
-18.8252
103
966
39.0446
-2.27958
104
2878
14.8735
17.2794
105
114
36.4486
-30.6178
106
2844
27.379
33.7729
107
2125
23.1772
-26.9378
108
1538
-24.6226
7.19401
109
46
4.80076
36.2541
110
655
-28.1914
12.3956
111
868
30.372
16.5087
112
371
27.118
31.8477
113
488
19.2113
23.2126
114
763
-29.7624
-30.4882
115
13
6.69818
-37.2738
116
143
-7.90274
-21.346
117
506
-39.0632
-13.3402
118
386
17.2603
8.90691
119
2739
8.08789
-27.1672
120
1505
-12.009
5.86244
121
766
8.45474
-43.8915
122
768
-23.2091
13.278
123
551
-29.9418
-35.2106
124
2399
31.9153
23.842
125
1273
28.4203
-15.3872
126
2543
-24.0272
9.99246
127
2848
45.8655
-20.9037
128
297
-39.8433
-38.674
129
968
31.898
40.885
130
2049
14.3333
14.4115
131
5
-8.63774
-36.1558
132
384
3.107
-25.0482
133
1162
3.60112
37.3578
134
863
12.7309
11.3484
135
1902
5.32128
32.0988
136
2040
14.8148
-24.3916
137
1664
20.6005
40.6007
138
505
-15.0541
45.6296
139
318
-33.6575
-35.8306
140
1652
-38.7769
-44.4873
141
2317
24.6549
-18.2219
142
362
8.08373
-32.881
143
307
14.7634
32.9794
144
2382
15.9275
7.2566
145
2410
-10.2736
1.66204
146
41
32.0901
-8.02184
147
2494
-15.5946
-10.5546
148
645
13.1507
-1.4245
149
2402
9.85635
22.2353
150
198
-30.9556
-37.3313
151
95
3.43645
32.9418
152
1364
-2.73148
37.5073
153
662
-11.4741
-10.3484
154
1248
-42.095
-16.1505
155
493
-41.7979
-14.1247
156
2545
13.6334
37.9122
157
1545
6.80424
-37.6948
158
78
-12.5949
31.8637
159
1052
19.3036
30.8307
160
1283
-37.9968
4.65159
161
2557
40.4135
41.3212
162
2880
16.9492
-18.9066
163
1320
-29.817
28.8647
164
2093
22.4047
21.0682
165
1910
-14.8759
-29.8082
166
395
-44.9487
-21.1089
167
2530
3.06145
33.6588
168
1916
-10.9831
0.77177
169
146
-46.706
-19.1988
170
155
-17.9053
-6.19812
171
1297
13.1851
32.8057
172
2382
-38.1071
-31.5091
173
500
-13.7206
34.7195
174
1670
0.444806
42.5344
175
244
-45.457
-33.7399
176
477
-7.71534
-45.1913
177
40
8.49871
-28.493
178
1612
-33.6962
-32.8112
179
929
-5.06815
30.1769
180
423
15.4503
-15.9516
181
2312
-15.9901
-27.0974
182
2097
-44.2428
7.74996
183
1196
-42.3009
-5.52259
184
1191
32.5458
-33.8628
185
189
-43.8608
-6.71317
186
1191
10.8475
40.0434
187
2106
-21.7177
-34.4408
188
1200
34.8391
-27.5471
189
2358
39.9673
-0.824765
190
1023
15.047
-28.3133
191
2162
12.56
-21.9272
192
1610
42.4468
-0.805694
193
458
6.21642
-12.2061
194
1398
5.04494
0.237269
195
2838
-43.3664
29.1039
196
2458
3.27454
26.5272
197
1662
15.6423
25.0045
198
1195
-27.9738
26.4641
199
425
-9.37455
36.3202
200
555
22.0228
-13.3284
201
2691
-44.3816
26.6439
202
1267
-38.905
-11.2764
203
386
-24.5149
34.8553
204
1481
36.5503
-6.58388
205
1026
24.6189
21.4029
206
1661
22.2545
6.25453
207
1218
42.7538
5.27513
208
1380
41.3805
-2.81589
209
1210
-15.4888
-7.1442
210
468
-31.5242
-19.8546
211
1125
32.4959
5.89551
212
273
-41.5348
-39.659
213
557
8.51805
-5.41958
214
1258
3.01024
39.276
215
1879
-36.2273
-34.0034
216
14
24.3231
-14.3121
217
2788
16.0875
28.1651
218
1283
32.784
31.9485
219
76
-32.6226
29.3333
220
995
33.4759
-18.2894
221
2685
4.68297
-28.2523
222
2290
22.017
41.1003
223
1406
21.3763
-42.3361
224
771
-14.884
-25.0123
225
18
-20.3062
2.31551
226
1821
-7.66224
-8.54082
227
9
-44.8006
-19.7928
228
39
-15.4885
-11.2052
229
645
39.2418
-9.1742
230
209
-4.45025
-33.8441
231
639
31.6526
-27.5562
232
1723
-14.1901
-40.6452
233
664
19.0324
32.954
234
2856
-40.5707
-10.9297
235
372
-35.9249
25.0813
236
1958
-44.3429
-37.335
237
963
-30.4183
-10.9563
238
901
33.5933
-24.9606
239
2932
-38.6368
-41.5347
240
2465
-1.28142
43.6756
241
633
22.5646
9.09902
242
2137
27.518
-44.3367
243
2923
7.83606
44.167
244
2549
-31.1697
-5.91104
245
2959
-26.1678
6.74563
246
46
45.6332
35.5909
247
248
46.6857
39.6764
248
0
-28.745
-31.3939
249
13
6.97
-4.1606
250
2233
-20.4766
-23.0921
251
654
15.9336
3.2269
252
1108
-17.3078
-22.3602
253
1925
-13.3571
-25.1421
254
18
27.4653
23.3289
255
755
25.6507
20.2758
256
519
28.6074
4.4386
257
1562
24.8826
-13.5311
258
571
31.9386
-12.0654
259
1379
-41.0544
17.033
260
1972
-23.544
-13.1026
261
2707
28.5282
29.8539
262
1341
28.2283
6.17565
263
414
-4.14281
37.374
264
456
11.901
14.1213
265
308
-3.65455
-36.8233
266
982
-32.7493
28.2517
267
1731
2.13655
-25.391
268
1155
38.5328
-6.74358
269
2150
45.3239
3.02993
270
592
46.7152
8.26411
271
695
33.8153
46.0978
272
860
33.0636
8.56769
273
1522
13.5872
27.6605
274
1724
-10.098
-25.6364
275
506
40.0299
-26.1885
276
1826
-25.8968
40.0227
277
1618
29.7968
-26.2463
278
910
0.335293
40.8418
279
865
-29.711
-6.22102
280
1295
30.7942
15.8609
281
371
-16.6814
41.2777
282
313
-6.26913
44.2142
283
344
-1.59468
-35.9595
284
2891
-7.086
-46.227
285
1691
-29.8998
9.87997
286
123
-12.6407
-16.99
287
1307
-27.5485
-20.4333
288
1457
-25.7213
17.859
289
665
7.727
-45.123
290
768
20.3129
32.1617
291
2856
41.8425
-6.29769
292
193
-46.3415
0.618197
293
2231
-31.5338
-41.7648
294
873
-29.3349
-5.56191
295
2959
2.80806
-40.3947
296
1440
46.9054
-16.3597
297
1055
35.5104
-43.9885
298
2219
-22.2807
-5.93774
299
380
-6.31066
-23.8628
300
641
22.1949
-32.9803
301
108
-42.9608
-14.815
302
118
5.99393
-6.8916
303
1676
28.1098
39.2817
304
2049
1.88422
29.09
305
2325
45.3908
-15.9598
306
1055
9.77239
-28.727
307
192
15.4957
16.777
308
5
17.2561
9.73379
309
2410
-10.0151
-28.6828
310
300
13.493
0.970216
311
1108
40.9176
-6.96299
312
193
-9.86433
42.6981
313
930
15.737
-12.6858
314
389
15.2054
-5.69643
315
1492
38.9825
-16.8513
316
862
30.459
33.4059
317
1027
-12.1862
45.3599
318
2974
29.9251
18.8881
319
2516
20.5074
-27.3945
320
2227
-20.91
-25.2995
321
253
43.5965
-0.466646
322
593
-24.0033
-44.2657
323
877
24.2639
10.6703
324
1431
21.8071
-18.4161
325
217
-17.3437
-33.8953
326
508
-43.6898
8.23108
327
1196
38.7258
-19.1922
328
316
-4.67197
-27.3316
329
81
32.2551
-32.4912
330
239
-45.0962
14.143
331
2867
46.4395
-4.55143
332
270
25.5088
2.81586
333
1429
22.9602
-27.0377
334
1020
2.18576
-25.339
335
1155
3.11342
45.852
336
2232
-18.1501
11.862
337
1070
43.0444
28.0951
338
247
42.5613
-26.275
339
753
-29.4491
22.3474
340
1740
24.8788
15.5924
341
539
43.0807
39.3653
342
688
-21.4051
-34.3992
343
1200
-0.402091
43.9692
344
633
-37.9631
-24.7852
345
1032
-40.551
1.26672
346
1982
-7.02933
-4.38633
347
402
39.8541
7.03787
348
2077
41.7033
37.075
349
688
30.4458
41.1889
350
770
-0.899338
-14.1384
351
854
-33.8984
13.3377
352
1234
29.6763
-9.4575
353
1179
35.3394
-6.53185
354
1343
36.6352
21.7234
355
2829
-32.9146
-5.63954
356
1442
13.0421
16.3699
357
5
-45.6779
-28.9133
358
1034
-18.7424
17.6326
359
467
-33.7808
41.3798
360
1028
-16.0421
14.3301
361
418
27.2858
-12.3015
362
571
31.2696
39.5172
363
1348
32.8433
-3.04037
364
620
22.2566
-20.3106
365
217
35.7599
-19.0191
366
2200
26.4155
36.7068
367
1832
-13.7796
-7.97653
368
2491
-20.8771
6.57132
369
1512
-30.5732
30.7308
370
1436
32.9778
22.1843
371
2820
-36.2717
-7.97934
372
2898
37.6706
-18.3726
373
862
42.1414
16.0028
374
2660
-26.9954
41.1085
375
1618
-41.2978
1.74124
376
1796
7.9034
-6.67338
377
1183
16.2613
-11.2641
378
389
1.15711
-23.7668
379
2592
-16.2885
-3.62136
380
169
29.5848
-13.5988
381
147
-34.6754
-13.0412
382
901
10.46
-16.3631
383
2590
-5.95554
-31.7444
384
23
-33.5264
0.356901
385
1238
-33.0041
-9.34066
386
570
41.7191
5.65704
387
1380
-6.4278
23.4364
388
1679
18.0492
-5.56264
389
24
34.484
42.1663
390
502
21.6189
5.55895
391
1218
-22.588
-45.7749
392
1813
32.8534
-2.12182
393
748
-15.6008
-33.0035
394
508
-10.8662
-24.7531
395
506
-22.0916
-34.44
396
1200
32.7624
0.024985
397
1077
23.8154
5.0894
398
1230
-18.2088
5.40731
399
1629
-19.4526
6.11883
400
1512
29.744
-0.265655
401
2904
-5.62664
-3.72238
402
1675
26.1814
-3.0756
403
257
-3.69838
39.6592
404
1439
6.11285
-44.2625
405
1633
14.5661
46.1136
406
1201
-29.9919
-3.8537
407
2214
45.8508
-26.1631
408
128
-42.8444
7.15555
409
2797
-43.8855
21.1305
410
84
14.0304
11.9167
411
1424
36.6694
-35.8783
412
2750
0.75397
-40.9388
413
576
31.0042
13.1268
414
1766
44.2165
-6.68982
415
832
32.018
21.6039
416
2820
-14.5594
-13.9858
417
10
-8.40522
16.4788
418
896
-7.93312
0.755933
419
41
7.86833
31.0756
420
1575
-46.4689
-19.9397
421
1157
-0.755706
-16.3082
422
600
0.947715
32.2947
423
152
2.85251
37.3444
424
863
-21.2984
29.6164
425
712
-6.41854
-44.5605
426
943
-25.0866
33.8471
427
1481
46.6012
-31.5006
428
408
43.3219
16.9127
429
2774
42.0333
27.117
430
1613
-12.8296
-19.7217
431
511
-10.1802
0.310052
432
2149
26.4473
-10.5631
433
571
-9.67164
-9.72836
434
10
24.8767
-43.9854
435
484
-22.4367
0.85364
436
1821
4.16259
22.5095
437
2824
31.8055
30.7858
438
1467
-15.7684
2.46235
439
786
31.1932
45.0638
440
584
7.07636
-45.696
441
2498
12.1662
30.0317
442
1009
-12.7891
-16.3439
443
1307
-30.0943
-36.3435
444
95
1.98868
24.5072
445
1402
11.8386
11.4594
446
131
38.27
-36.5513
447
2793
-34.5999
-14.648
448
965
38.0254
41.1195
449
96
26.4619
-15.8855
450
362
31.7941
39.1961
451
1348
46.495
25.7394
452
875
-7.10249
-12.0941
453
610
-37.9623
43.0861
454
360
-26.6731
13.5738
455
868
3.57035
39.2363
456
187
24.782
5.04226
457
1429
43.2427
4.07585
458
1159
9.24583
2.20814
459
2916
4.95414
5.7113
460
848
-11.0174
29.5463
461
94
-46.9322
-37.2001
462
932
19.6332
45.3459
463
1650
-18.7465
-37.6988
464
394
-18.3657
-43.3513
465
769
45.0996
13.846
466
1591
-13.712
19.6437
467
905
-11.2927
-5.33279
468
1752
20.6334
-38.8901
469
301
43.3325
17.8766
470
2774
4.63676
23.1431
471
2824
8.97873
-21.8273
472
713
-34.6874
31.7747
473
845
15.5298
22.8806
474
1250
15.0451
-33.7907
475
1920
43.4626
-34.087
476
339
-40.7377
-30.3087
477
2614
4.83506
14.4459
478
2446
-32.8348
-22.4915
479
2307
-11.5923
-42.9052
480
59
4.25838
45.0942
481
2232
32.3758
-44.0456
482
975
2.93838
8.05208
483
2117
26.2472
-40.8315
484
1073
-30.7536
46.0904
485
1427
-24.8202
6.70137
486
46
12.7391
-38.3321
487
725
32.3341
35.5024
488
1278
-36.3684
-23.915
489
1032
-1.21089
34.8789
490
894
23.8901
33.8845
491
1904
-34.6047
5.15887
492
91
-38.7618
-13.3264
493
386
-40.4599
42.1623
494
360
-5.59866
46.5314
495
2247
40.4144
-18.154
496
966
-37.8274
-39.9587
497
2693
-26.9268
11.4134
498
123
11.9499
12.4766
499
2262
-34.0583
-27.0878
500
1044
-29.6501
5.77366
501
1936
40.4104
45.8087
502
0
-34.5165
1.62542
503
1238
0.17102
40.8983
504
865
24.0892
42.5388
505
1406
-6.21307
-19.714
506
351
28.9088
19.0753
507
2516
-12.777
-29.0097
508
1134
15.4087
36.345
509
1583
-15.0669
-22.9401
510
1446
-8.99881
-13.0188
511
1463
-9.16026
0.582606
512
41
21.5298
-30.2458
513
564
14.4202
38.7163
514
1545
-36.728
-0.0647543
515
1923
42.6214
35.1926
516
2129
-18.3954
-3.15318
517
1852
27.5756
28.2345
518
3
29.5643
25.8625
519
2496
-42.0213
43.4272
520
2897
-12.6272
7.51703
521
714
7.07797
20.7634
522
1912
-10.9497
-41.9879
523
59
38.1312
-36.1424
524
2793
1.41214
-10.4844
525
2190
-10.9348
-42.1798
526
59
20.0236
46.7113
527
718
-45.3206
22.3113
528
686
-46.6947
17.1788
529
2858
-4.02358
-0.0281028
530
1330
-40.7262
-42.7137
531
497
32.7838
8.17054
532
1522
15.0979
-43.091
533
767
-19.4053
30.059
534
1573
-6.55067
28.67
535
1450
37.4143
-13.5696
536
269
-3.99636
38.6368
537
1439
-27.3339
10.6429
538
123
28.0406
21.5669
539
519
-20.6056
-39.8256
540
877
-15.1336
-6.3914
541
2491
34.7766
-23.3985
542
366
29.4558
-11.4301
543
1179
-13.0765
-22.7331
544
1950
-34.3701
-45.2289
545
294
25.2552
-40.0039
546
1073
-11.4353
39.5657
547
404
-12.6046
6.35827
548
766
29.9139
-22.7263
549
910
-43.5626
-21.8824
550
1527
-18.0372
16.1973
551
1088
-14.153
-44.0638
552
523
-33.7054
-5.42201
553
1225
-21.8727
16.3994
554
359
-4.19469
37.3822
555
456
-19.4158
-37.6556
556
394
-37.2542
-35.8192
557
14
27.3905
-37.1665
558
2985
37.1749
44.8842
559
502
30.8694
-43.1463
560
1998
32.5263
13.6657
561
1355
-39.2577
-1.5547
562
1923
12.5166
-45.2975
563
2411
23.6725
-22.9917
564
2779
14.1464
26.7163
565
160
-2.79295
-0.476172
566
8
-45.3413
-5.17263
567
2615
-31.6128
-9.11768
568
570
11.576
-8.38725
569
1002
-27.1162
-4.65035
570
1847
28.6374
-7.88284
571
625
-45.8152
-18.6359
572
155
38.391
2.65614
573
2092
-7.93059
12.9756
574
736
33.8797
-41.8242
575
412
3.01199
-36.0648
576
1891
43.4166
23.1648
577
673
-30.4909
-36.5891
578
95
42.6618
3.68813
579
1159
3.35842
-15.5198
580
1608
-36.4186
41.3198
581
1231
17.4182
33.3486
582
958
-35.2706
-15.607
583
965
32.5384
45.3324
584
502
-26.8851
14.6416
585
554
0.86903
-19.1481
586
2289
35.2167
14.7281
587
355
16.8078
-29.5364
588
2767
19.4569
11.9398
589
1669
4.98931
16.5609
590
98
-34.0342
18.2707
591
1917
44.4041
8.90002
592
466
43.8839
4.35022
593
592
45.8281
-41.7293
594
1636
-32.0439
37.3514
595
1261
44.9978
-36.5815
596
1099
7.42777
-18.4213
597
2243
28.8748
1.2411
598
257
14.544
42.0666
599
984
1.77756
-13.6893
600
2112
9.4223
31.5736
601
1575
-42.8078
-22.453
602
880
-18.0699
-15.5051
603
715
-34.6356
-4.95973
604
1225
20.718
3.68466
605
207
-33.8861
-3.48738
606
1063
-13.3531
-37.7398
607
1491
42.7453
-40.8834
608
476
27.0422
34.2293
609
1762
-2.86301
-5.73358
610
1675
13.1431
37.158
611
1583
8.12613
-23.5363
612
713
-37.7069
35.9674
613
1823
6.00517
-16.0919
614
1608
7.20008
-15.1637
615
1526
-32.3024
-46.7038
616
1443
25.8944
-6.77307
617
403
-0.418835
-13.0805
618
854
2.18063
29.2645
619
2325
34.5126
-0.725452
620
1927
31.9252
-14.5304
621
658
26.4591
6.3688
622
1429
-20.415
3.62901
623
1821
45.8016
36.1354
624
248
30.3716
-1.65362
625
212
-6.1067
8.08595
626
2955
-14.6704
-12.6565
627
2877
24.4328
-34.2609
628
744
-21.6311
-28.1698
629
253
33.6411
2.27799
630
67
-16.037
17.9186
631
467
30.2364
-28.3554
632
1412
5.61083
44.1425
633
2549
14.118
-46.0285
634
533
-12.8593
-39.4239
635
664
12.6745
-39.7784
636
1544
-20.772
-22.8638
637
679
-12.9974
-2.98893
638
512
-0.014608
-28.8498
639
1155
24.1301
-45.9754
640
484
-3.00524
-18.5549
641
2490
22.1613
-24.9924
642
142
43.4211
44.0142
643
0
12.962
24.9189
644
2372
-11.1105
-7.75873
645
402
35.1621
17.1058
646
1947
6.00333
17.5938
647
1345
-19.5234
35.4272
648
2314
10.4839
33.7065
649
2803
-12.1928
44.7969
650
283
-19.5717
46.9607
651
2577
17.4543
41.0126
652
1957
39.6495
6.31184
653
2077
-18.1952
-20.0604
654
2711
11.4408
38.1622
655
2632
-5.58335
30.2507
656
423
-25.1686
-12.4102
657
2032
32.9448
-10.0336
658
1596
8.59998
-23.2107
659
713
0.726574
11.6034
660
478
38.9822
22.1468
661
2436
4.56266
38.7873
662
187
-24.3671
-34.06
663
730
-10.6415
-36.4204
664
1168
-22.5493
18.7119
665
801
-28.4453
19.2342
666
1966
-46.2925
43.738
667
494
-2.0642
18.5707
668
437
22.0012
32.0278
669
2813
-27.0772
22.5513
670
2942
-44.1848
10.1109
671
1795
-39.9536
33.5913
672
728
44.2687
30.6138
673
247
-22.0334
-38.5778
674
1169
-11.1902
28.5923
675
656
0.0325956
28.984
676
136
35.3386
-6.60996
677
1343
17.127
21.3311
678
114
-18.0692
-18.7056
679
11
-13.6508
-38.7785
680
2677
-5.26103
7.11819
681
660
-29.5486
10.3187
682
123
-9.59701
33.9977
683
1161
24.9412
-33.6706
684
744
-15.1103
-8.9935
685
1326
-43.0532
23.269
686
2207
14.7839
-40.1997
687
1530
45.3178
43.8106
688
0
31.2028
23.7923
689
2350
15.8167
-11.482
690
389
11.3491
43.5367
691
2994
7.89508
-37.0485
692
1270
22.7571
3.43195
693
1230
41.0918
-6.48016
694
193
45.3987
14.6111
695
1591
-10.573
21.3563
696
2747
35.0588
7.1248
697
1522
33.2214
43.3031
698
502
-12.2221
9.49304
699
1472
-35.6436
-17.5896
700
2715
-40.7649
-41.0511
701
15
46.2987
-38.3268
702
1636
38.5386
-11.1963
703
2804
-30.97
32.0575
704
2830
-14.2092
12.9647
705
1819
3.83136
0.565099
706
2838
-33.6263
7.93981
707
286
-41.5555
15.0713
708
2390
17.2071
13.016
709
1113
-5.9711
16.642
710
668
33.6476
-16.1518
711
2524
-17.2555
30.8791
712
1573
11.7123
-18.3219
713
741
-9.14395
10.3329
714
736
-15.6653
-13.9313
715
10
-43.8661
-21.2937
716
2530
-21.6954
38.9339
717
853
27.3863
46.9482
718
2860
46.0569
22.8336
719
875
-24.0606
21.6704
720
1190
6.31012
29.7405
721
172
39.4466
-38.1276
722
2154
-27.4536
-32.6623
723
2703
-9.01722
38.2203
724
2236
13.9187
-31.9529
725
1102
-0.693089
-36.881
726
2533
0.849903
-5.28554
727
706
-33.3934
35.4897
728
886
38.6942
34.4933
729
2370
-19.9588
-27.4884
730
253
25.8031
24.3332
731
3
-40.8253
-13.7067
732
2545
16.9834
28.1379
733
1283
28.5694
-18.0015
734
381
14.902
-46.6926
735
1115
-4.33069
15.0245
736
1365
16.3216
33.0147
737
1119
-13.0519
-4.46806
738
1677
-5.14633
-8.15013
739
2956
3.8541
-33.1055
740
2412
15.2221
-11.5779
741
389
38.9591
-29.0862
742
2135
-8.56451
-15.3036
743
739
25.7957
-32.0971
744
278
-26.7477
5.90562
745
109
3.12039
-45.8838
746
1185
16.8026
3.64316
747
1108
37.2029
3.90574
748
1175
42.822
-38.7889
749
476
41.1179
-13.6149
750
292
2.43821
-38.6798
751
576
-30.8343
-22.6685
752
2730
42.1119
-22.6119
753
794
-45.0092
-29.2287
754
1034
31.3122
29.4021
755
1235
-35.2487
-45.2295
756
2178
-34.2536
-34.4437
757
14
-45.0285
12.9085
758
830
-16.9107
23.8439
759
2139
46.7034
34.7792
760
248
19.219
-41.0283
761
842
11.9733
-5.07948
762
1579
25.0152
28.0467
763
2687
11.6715
-1.99421
764
1170
32.627
2.918
765
1077
-7.7577
10.0447
766
1081
18.1243
-36.3772
767
2954
10.6769
-40.4493
768
967
-15.2118
-39.1443
769
941
36.4596
43.4098
770
2934
21.6876
-38.6769
771
301
25.5594
-5.21929
772
403
27.5585
-21.5423
773
1016
39.6626
-29.7489
774
2128
18.016
-7.98815
775
24
-16.76
19.6559
776
696
-22.0666
26.9339
777
1992
-37.2559
46.4442
778
485
20.1256
11.5194
779
1669
14.3374
-18.7729
780
378
-35.1204
-4.91173
781
1225
-22.7356
-28.933
782
1302
40.766
-21.7732
783
794
-45.0932
-16.0679
784
118
-31.9577
-42.9037
785
873
-9.59888
6.64152
786
1331
3.17658
-17.1041
787
2259
-16.509
42.4419
788
313
23.4223
26.3594
789
1789
-28.5763
-45.2021
790
1083
-2.09795
-11.1376
791
727
-7.27145
-14.6993
792
791
15.0966
6.19
793
2410
41.4667
-15.0354
794
1265
27.6478
2.07787
795
257
45.4041
28.5714
796
1797
9.49439
-28.965
797
192
-8.97138
-40.988
798
59
43.1736
-44.897
799
749
-25.3961
-12.141
800
2032
-18.1324
21.7841
801
1349
-41.2879
29.4306
802
1944
11.7115
-4.33279
803
1170
18.3553
42.6327
804
1957
2.58074
-3.41707
805
1549
-41.4045
-8.81577
806
1865
22.2121
41.3964
807
1406
-18.5203
1.43485
808
548
-45.5124
-26.6879
809
602
-2.20211
22.5633
810
1313
-19.3632
17.9779
811
467
38.6777
-31.467
812
276
-13.4434
8.4838
813
1472
25.0269
-19.0036
814
362
-9.80041
-44.9354
815
40
-11.9014
-12.6385
816
227
-45.9722
22.7082
817
686
20.8724
-18.9202
818
201
22.0362
-44.6675
819
771
-14.061
-28.7599
820
395
7.97191
-40.3373
821
1974
-6.7641
-25.9036
822
81
-14.1289
-46.6619
823
526
-24.0509
-18.6205
824
1254
-18.6896
9.15307
825
2419
7.29937
15.1649
826
1640
-45.6329
4.80203
827
409
12.215
-11.8638
828
1637
-30.9664
8.75459
829
538
-42.5913
13.5594
830
1739
-37.8737
45.8405
831
485
43.8066
-0.608347
832
593
11.7724
3.12323
833
2301
-34.0803
32.3864
834
2529
2.67102
5.28846
835
2445
1.83658
-45.9165
836
1185
14.0616
2.00052
837
2961
-20.8666
11.4224
838
1746
9.65844
-46.0216
839
768
4.71769
21.1552
840
2354
20.0637
40.5422
841
505
19.3626
-37.6785
842
513
-19.7275
-46.4583
843
931
-31.0514
38.1176
844
1814
-28.3051
32.9492
845
2700
16.0094
31.9563
846
2187
-42.1546
38.385
847
1594
9.09849
10.134
848
131
43.7691
33.8889
849
2129
36.0171
-37.7612
850
1497
-23.4233
-31.0025
851
629
21.651
-37.8396
852
301
-13.9063
38.8548
853
724
3.25192
-10.0323
854
303
-44.9553
9.86516
855
1795
-33.9264
-3.37443
856
1063
-2.68686
-30.1302
857
379
-43.5794
35.0234
858
613
3.85849
23.5775
859
2824
39.2892
46.7678
860
0
-42.0631
15.2981
861
2390
40.1795
-10.9144
862
936
9.91429
38.8976
863
2632
-7.00793
44.6726
864
344
6.90824
39.8741
865
599
-26.0684
21.1557
866
2976
7.83386
13.2516
867
1640
-21.2414
16.2959
868
2046
-31.876
-36.0513
869
249
17.2307
-41.5209
870
1047
-20.9521
-1.74881
871
1577
23.7947
1.6195
872
1429
-28.1971
-36.9677
873
851
10.2757
-8.2832
874
1002
46.5724
28.6223
875
760
-39.7479
-38.8525
876
968
-19.7962
-38.7362
877
394
-24.8318
-12.3921
878
2963
-30.9581
7.28464
879
1936
-36.5346
-17.7105
880
2715
-43.5855
-3.10643
881
1725
-34.0913
-20.5763
882
2588
37.8417
-17.0919
883
2210
17.1519
22.6067
884
1250
34.407
32.4725
885
1623
-31.5697
35.3866
886
2945
-13.9865
-27.0625
887
18
19.7655
-1.14682
888
2010
-3.70898
-40.7525
889
726
16.837
-36.3858
890
2613
-14.0299
42.2155
891
930
-28.6138
-33.6252
892
2399
36.732
-45.6831
893
2734
6.20879
36.682
894
655
20.962
-18.8018
895
201
-2.63995
21.1576
896
2855
23.9792
-9.98283
897
403
-10.4449
-6.12738
898
402
-11.558
36.9932
899
1509
-38.9029
-24.5431
900
2241
-29.9255
-9.04853
901
1550
0.607176
-38.7178
902
576
-6.68131
35.896
903
1161
36.1529
-6.56964
904
1026
-7.96873
21.5368
905
2770
42.255
38.9089
906
688
12.116
-27.4877
907
1464
32.94
-1.45761
908
67
29.4865
37.4475
909
1348
30.474
-21.2624
910
621
-21.7819
28.4072
911
534
-0.751148
-11.5592
912
2155
11.1427
-18.81
913
713
11.2338
-24.1571
914
1246
35.7327
-26.5046
915
2358
18.1068
-39.2367
916
1047
-0.198238
-14.2917
917
2852
43.0302
-15.9692
918
2814
41.2846
-22.3129
919
794
-39.9251
45.9467
920
831
-17.5419
-8.2701
921
2495
-14.7422
-35.4025
922
2749
-31.815
-32.379
923
13
10.6762
27.6239
924
1724
-12.3091
-15.5577
925
1307
4.32433
12.3205
926
826
31.1244
-41.4647
927
1763
-29.6865
-4.57239
928
2214
-28.9355
-29.2098
929
13
-7.19101
42.6279
930
241
-16.2119
-40.974
931
998
-41.5449
-31.9238
932
2614
22.5042
11.049
933
341
28.2331
28.6698
934
3
4.79707
-0.241959
935
2838
40.9166
-7.94893
936
193
15.2739
15.8116
937
5
-25.178
-17.1646
938
954
-26.2355
41.1246
939
1618
11.5119
-25.9836
940
2287
-12.7143
-32.9562
941
310
-33.8562
-17.2521
942
1756
-5.58911
-42.7395
943
2026
-27.2334
17.4045
944
665
-4.94388
-14.1546
945
1603
0.685819
-25.8879
946
2213
16.526
10.4614
947
1434
4.7712
31.345
948
1364
-30.2775
-8.89129
949
1550
43.917
-33.4801
950
339
20.8833
-43.8819
951
852
-25.2842
0.574856
952
2096
-46.8317
40.7328
953
494
-24.542
-16.6029
954
1875
-12.0472
-3.2662
955
512
44.7668
-27.4017
956
128
-41.2102
-7.03982
957
1111
24.1212
37.2702
958
304
-8.01018
-7.59173
959
9
-45.6161
17.4355
960
1815
-3.23939
41.5524
961
175
-33.9986
31.8128
962
845
-43.6388
-35.3946
963
1228
23.6476
-17.6309
964
2725
-29.0095
-11.3142
965
2407
41.3582
-11.3528
966
292
12.6851
-33.2682
967
2636
-34.6682
-34.2531
968
14
18.1911
31.9329
969
2856
-13.4579
-41.9586
970
1995
-24.4288
-30.8608
971
2036
34.8026
-19.8839
972
2292
6.70332
42.0281
973
997
-11.1834
-3.69136
974
1677
35.9
-37.7893
975
1497
-38.7262
-8.70218
976
1232
-1.88217
42.6515
977
633
17.1426
10.8134
978
1434
20.847
10.041
979
1669
-45.9725
3.87159
980
2396
-42.48
-20.9241
981
700
-0.512082
-30.3471
982
133
-27.6284
29.186
983
425
21.2982
43.9776
984
1650
34.8847
-41.1443
985
412
25.6282
39.2021
986
350
-9.89231
-28.3702
987
300
31.5934
34.4585
988
1278
23.9786
-35.2558
989
744
-1.28028
29.2957
990
136
-29.4727
13.3436
991
1942
-38.7693
-28.8488
992
1121
29.5692
-35.1537
993
632
42.0504
-37.1248
994
1386
-25.3414
31.0034
995
2249
-39.936
-37.3507
996
557
13.4118
42.5163
997
1543
-13.5142
-34.5122
998
310
7.64308
-2.51049
999
2233
31.4342
18.1853
1000
371
-21.5154
43.8138
1001
1374
12.0032
-6.40927
1002
1287
23.7748
22.7348
1003
1661
1.70525
9.3783
1004
2265
2.52593
-5.76159
1005
1549
2.69837
-15.1263
1006
2112
2.98619
37.3462
1007
863
23.3843
-10.0504
1008
2321
18.5928
32.6942
1009
2187
-3.13951
-0.315608
1010
1330
29.9878
-23.7434
1011
910
11.8274
24.8168
1012
565
-45.9121
20.6688
1013
84
-8.85425
41.2917
1014
1334
-35.5332
45.4411
1015
485
28.602
-17.6968
1016
381
-24.7318
27.3612
1017
534
-28.5048
-33.0096
1018
2399
-46.2262
22.9156
1019
1581
24.2711
-22.0656
1020
2779
-18.6918
-8.79989
1021
2495
-0.216245
-20.4971
1022
2289
42.2895
5.14181
1023
1380
39.8675
17.4232
1024
1213
-6.07115
9.00046
1025
2955
36.1003
-5.23715
1026
2951
36.6011
37.5334
1027
162
-26.8011
41.1308
1028
1618
0.640745
-19.09
1029
2289
35.4712
42.5656
1030
2022
15.2258
-23.261
1031
1664
-31.8564
-21.2625
1032
32
-41.9897
20.5074
1033
69
-42.3627
-26.7199
1034
2429
11.1665
13.6012
1035
1750
-16.2501
-43.4914
1036
1900
9.37182
41.5361
1037
599
45.8431
-39.4639
1038
1636
0.670762
-23.4551
1039
2592
-15.3036
-40.9628
1040
2720
26.359
4.19367
1041
263
3.40633
-3.41107
1042
1549
7.74507
-25.0729
1043
659
-30.8653
-24.5476
1044
1638
14.4713
-17.1436
1045
378
-8.75646
-23.6606
1046
506
19.2256
-36.3804
1047
513
45.6418
42.309
1048
0
-6.68497
38.0524
1049
2236
18.5763
-19.6855
1050
201
-44.8942
-41.4294
1051
1322
-10.015
32.8032
1052
2348
-8.11351
-12.481
1053
1463
-23.7956
-30.8151
1054
629
46.7881
-9.28582
1055
332
-34.5489
-43.1448
1056
2869
-0.309393
-37.0476
1057
2533
24.5072
15.4543
1058
539
39.7793
-31.3925
1059
276
-15.1976
-21.242
1060
2935
-10.1584
3.68691
1061
681
12.3541
45.4111
1062
2311
-32.1591
-2.28605
1063
2837
1.4453
-23.0589
1064
2592
-28.1136
-34.0832
1065
2399
2.6564
0.306664
1066
2548
15.7989
32.3098
1067
582
19.2616
36.8462
1068
986
-0.0478573
38.6422
1069
2845
-13.6786
13.6574
1070
2827
38.4994
-13.12
1071
2210
-33.5201
32.3133
1072
845
27.6596
-35.6524
1073
2985
-34.2966
43.8396
1074
2304
-30.5602
13.5553
1075
585
-29.4053
39.1594
1076
1095
33.7803
5.96211
1077
1522
-5.05066
-11.5197
1078
2296
19.6019
4.66242
1079
2510
-34.0087
25.8472
1080
199
-3.22137
13.9834
1081
1365
31.2128
-27.8748
1082
1412
-23.4735
-39.8433
1083
2356
-13.2569
-23.7795
1084
18
32.4775
19.8992
1085
2820
-5.80425
14.3259
1086
736
10.7424
20.6889
1087
1658
-12.8609
17.2005
1088
2122
-44.8708
-21.7322
1089
2530
28.5115
-17.432
1090
381
-43.2531
19.3865
1091
2807
-20.297
-6.68884
1092
380
-34.5445
1.42834
1093
1238
-3.918
-19.0682
1094
351
-22.6967
40.1738
1095
2198
-45.6686
-23.3727
1096
99
12.0503
-43.2476
1097
2297
16.8705
-1.9225
1098
1473
45.6475
-30.7749
1099
408
-5.06048
8.44544
1100
2955
27.9925
15.6114
1101
2950
14.5247
-29.3894
1102
2162
25.7612
-40.6167
1103
1073
7.32881
-34.9294
1104
307
11.2916
-32.3689
1105
1486
5.9287
-27.6337
1106
659
-33.2652
-23.4815
1107
1501
18.3045
6.17508
1108
1989
22.6964
9.98495
1109
1922
11.5042
34.9386
1110
2220
-38.4594
-5.83019
1111
1063
-4.05034
44.2493
1112
344
20.2393
18.7307
1113
165
-33.0014
-37.3815
1114
124
16.4676
-43.296
1115
916
33.269
-4.18703
1116
620
23.684
39.1885
1117
350
-34.8442
14.3133
1118
1241
21.5729
36.539
1119
304
40.4967
13.1534
1120
1163
-33.9138
-25.6468
1121
2406
-18.8631
-25.3016
1122
253
-8.88563
-12.7989
1123
1463
-20.0353
1.60998
1124
1178
-26.3224
-17.7005
1125
1635
29.1054
-46.9862
1126
1998
22.9145
10.1037
1127
1922
-30.4015
-36.2691
1128
95
40.0814
42.9269
1129
96
-7.21401
20.8311
1130
810
-31.7667
22.0823
1131
1740
-12.3118
10.6556
1132
1472
36.3276
6.09431
1133
1175
-10.1532
-25.1915
1134
506
44.3235
-37.6965
1135
1849
-38.7964
3.32377
1136
2335
31.9037
-3.10745
1137
630
-21.1459
17.1845
1138
1215
-1.34226
-19.5674
1139
600
12.0006
-32.4013
1140
1486
6.88471
-34.2952
1141
797
7.4006
-2.77038
1142
2233
35.8319
-11.1114
1143
1026
-15.1277
15.5235
1144
1088
-28.953
24.28
1145
1862
-42.3238
29.003
1146
1528
-5.41943
-18.4857
1147
351
31.6386
1.59117
1148
1077
8.79664
12.9614
1149
1750
-41.3343
15.6074
1150
2390
19.595
14.5657
1151
165
-45.0595
16.1916
1152
2867
15.5889
-36.0015
1153
1530
-41.9044
-40.1199
1154
129
3.59069
-23.9869
1155
1162
35.6109
10.6258
1156
587
-42.1465
-16.4155
1157
39
-14.9509
-11.2945
1158
645
43.9354
7.46495
1159
466
-9.17808
-42.7466
1160
59
-3.25487
36.0081
1161
424
7.19753
-19.2325
1162
2243
41.8919
17.6591
1163
577
16.7282
32.4809
1164
2187
0.265503
-11.3022
1165
2595
-9.16887
-29.4317
1166
1735
-6.70536
-1.51571
1167
2927
-8.08773
-31.8923
1168
329
-18.6671
-33.8584
1169
820
14.1242
1.11012
1170
2402
31.9896
-17.9448
1171
2685
32.0434
-46.7637
1172
575
-3.08054
17.3796
1173
668
0.38899
-9.36067
1174
2333
37.9836
7.37826
1175
1120
11.4642
23.0714
1176
198
3.67904
-21.7919
1177
2831
-15.1892
3.18845
1178
786
32.2142
-5.6359
1179
620
-24.8591
30.7937
1180
1294
-10.2871
12.5377
1181
736
-1.20149
-19.3437
1182
600
7.88081
-6.09718
1183
764
31.1927
-35.8088
1184
330
4.48893
-41.4935
1185
1597
-4.61024
45.92
1186
2247
13.1461
23.6826
1187
198
38.6595
-22.027
1188
316
11.4973
-32.4444
1189
1486
-17.658
24.3189
1190
2737
-39.7153
-4.32191
1191
1419
-31.0534
36.4165
1192
1719
9.03462
24.2185
1193
1453
-28.5095
26.1312
1194
199
22.1655
27.724
1195
113
-38.9831
10.5179
1196
1790
25.3362
-18.5907
1197
362
14.2073
8.62848
1198
709
-37.7553
-10.9538
1199
386
-20.4808
-32.3913
1200
182
21.2252
46.3046
1201
718
-8.78038
13.1544
1202
736
31.0064
-0.884223
1203
212
29.4931
15.2521
1204
1085
42.0134
37.4356
1205
342
9.63278
-38.1122
1206
967
-5.83172
29.2799
1207
1450
-44.2286
16.7264
1208
1854
-39.6079
-10.026
1209
372
42.7612
3.01912
1210
1159
13.5605
0.188352
1211
2402
25.0784
-6.71566
1212
403
41.1489
20.8068
1213
1401
45.1507
-28.838
1214
408
-15.5511
18.9276
1215
467
-11.3488
-16.4493
1216
2127
-34.1963
-4.71876
1217
1225
25.5136
10.961
1218
1101
-46.2693
-7.29361
1219
1975
-10.0274
-10.3575
1220
10
19.0416
-7.32946
1221
2443
-7.98618
-9.59075
1222
9
26.4447
39.6025
1223
350
-32.2008
-9.97153
1224
949
-29.9002
-2.15747
1225
952
37.032
34.7923
1226
2167
-45.5378
10.6391
1227
1659
-38.9799
-32.1024
1228
2614
0.102638
-43.8397
1229
1440
25.4369
9.34305
1230
77
-30.9196
40.6907
1231
2143
-32.6689
-5.33313
1232
1442
-0.968842
-12.5387
1233
912
-32.1138
14.1144
1234
1306
35.9148
34.4165
1235
2167
-10.5216
28.0111
1236
535
-18.8398
44.9163
1237
650
-30.3701
3.75709
1238
109
-16.1865
44.953
1239
650
-38.5837
32.4173
1240
1468
-33.2563
15.246
1241
55
25.0521
24.8189
1242
934
-6.81709
-4.70723
1243
402
-27.0787
-38.2638
1244
2431
20.6448
-25.4273
1245
365
13.0358
-17.4429
1246
690
43.3597
-29.0577
1247
753
-8.22406
-7.693
1248
9
-1.4379
-31.7872
1249
2967
20.1044
25.8312
1250
1195
46.3587
36.4481
1251
248
-36.8551
2.26854
1252
2090
8.93221
0.527117
1253
459
-20.151
-15.1137
1254
229
8.07788
-44.5388
1255
768
27.1474
31.9273
1256
488
-27.4759
35.8286
1257
2906
12.7976
-0.365978
1258
2402
5.95072
30.2233
1259
2716
44.673
-30.1443
1260
956
-26.189
38.6469
1261
717
-38.0783
18.448
1262
2477
-40.2964
36.6206
1263
1823
46.9396
-43.8285
1264
702
41.6537
-12.9044
1265
292
23.854
24.2304
1266
934
-40.4727
26.0695
1267
1324
-28.9703
-13.2171
1268
800
33.1589
-34.3381
1269
330
9.97496
-30.8475
1270
940
-46.279
27.1338
1271
2821
-46.1113
-22.3958
1272
2530
32.9373
24.8012
1273
1940
-22.1718
8.74545
1274
46
5.76938
-22.3592
1275
1162
-39.244
17.9023
1276
2414
6.08031
35.2671
1277
1110
36.1343
38.2347
1278
162
36.8287
28.6875
1279
729
-10.665
-37.4471
1280
1663
6.79155
12.5423
1281
1640
22.3422
-34.2491
1282
301
20.3171
31.3355
1283
491
19.8844
46.3501
1284
1201
-22.8886
-45.9719
1285
1813
-12.723
15.2251
1286
2827
12.9792
-4.91264
1287
1417
-35.5596
8.35931
1288
682
-7.40742
-17.461
1289
1728
-44.6964
41.4548
1290
2914
-31.3409
-14.3454
1291
800
-44.2721
-7.33939
1292
1191
3.83845
17.4921
1293
1345
-19.1161
32.4924
1294
2130
-24.7236
-2.71083
1295
1847
26.7046
-46.4376
1296
2021
-14.3639
-3.31998
1297
146
-13.4116
-46.2133
1298
526
-2.59936
13.1392
1299
1365
46.2031
-35.3284
1300
1099
-27.5865
27.308
1301
425
-20.9267
-26.4644
1302
253
42.4383
-30.2141
1303
339
-34.1877
-26.0888
1304
2406
26.2865
4.4266
1305
1429
-26.3189
16.23
1306
51
-10.1656
-11.9196
1307
227
15.3305
-25.111
1308
2738
40.047
-18.3568
1309
750
-32.0791
0.0515819
1310
2386
-5.08626
24.6375
1311
2373
7.00897
-22.7303
1312
2229
0.642144
23.8532
1313
1402
-14.2343
29.1271
1314
461
-14.3717
2.17377
1315
1741
16.4262
8.9243
1316
1151
31.0843
7.96255
1317
561
-7.10446
40.0352
1318
2818
17.7592
1.8296
1319
2334
18.2596
-13.997
1320
65
-18.7468
-38.7806
1321
1678
-39.5087
-37.3558
1322
557
-12.6734
14.782
1323
2309
-35.5735
27.1241
1324
164
21.7872
-2.78523
1325
872
-9.51214
-5.70923
1326
402
-31.156
14.0905
1327
1306
-17.2561
35.0122
1328
2420
-41.5117
16.2543
1329
2390
-1.9207
0.845743
1330
2980
-4.72589
9.45681
1331
2955
38.0322
40.9607
1332
643
37.6927
-11.5756
1333
2989
-4.17363
41.7736
1334
175
-34.9081
43.3197
1335
2541
32.4701
-2.69544
1336
393
31.9135
40.0037
1337
1348
40.108
19.4078
1338
2285
45.9316
-42.7279
1339
594
-17.6108
-32.4544
1340
820
31.5644
33.2676
1341
1027
-5.34253
-8.98766
1342
2956
35.1026
-3.0971
1343
2076
-26.6754
33.6399
1344
2700
8.60235
20.2292
1345
1187
44.0375
42.2929
1346
0
-15.3374
-42.2213
1347
1900
35.196
40.8398
1348
1129
-14.1234
23.443
1349
1601
-26.1281
-25.2295
1350
2361
-5.14095
23.0981
1351
1679
22.3909
-20.552
1352
217
-45.5723
-23.606
1353
550
44.6012
13.448
1354
695
35.0204
17.9207
1355
355
-31.614
-16.9155
1356
2472
-7.04546
30.5428
1357
94
-42.8217
-10.9474
1358
1865
-30.879
-12.4392
1359
965
-10.5266
33.8038
1360
683
6.21445
-24.2974
1361
2229
-4.39057
-18.1415
1362
351
-31.269
13.5393
1363
585
9.9761
33.8564
1364
2220
0.225222
17.7789
1365
840
7.79581
-26.2953
1366
659
-1.31476
-5.62371
1367
2800
-6.10638
13.9877
1368
736
-25.2452
-1.3419
1369
1391
37.0906
-29.6383
1370
2844
42.3239
-21.1823
1371
794
23.4013
-30.5494
1372
2579
34.8636
-7.29303
1373
354
-15.7452
44.6897
1374
650
35.6696
33.363
1375
1623
-5.2007
6.62237
1376
52
-16.2428
-8.77405
1377
468
41.9625
-4.14214
1378
193
33.0666
-6.29161
1379
620
42.8793
7.88123
1380
466
9.48898
27.6661
1381
1802
15.6437
12.899
1382
1424
-8.30731
-7.13529
1383
9
-36.1549
-0.908142
1384
2323
-44.2345
-14.6637
1385
2736
40.942
-33.4706
1386
1570
-21.7888
33.42
1387
2503
8.7763
-34.4603
1388
1871
4.03158
-24.4109
1389
1162
-7.56319
19.2914
1390
2120
-21.8577
-0.0682456
1391
808
-6.15174
-35.7738
1392
231
12.3559
22.0841
1393
1658
4.07521
-16.8023
1394
2648
43.7181
-42.2996
1395
1135
-37.4412
32.3072
1396
2529
9.89989
-35.9063
1397
1976
7.36028
-9.15015
1398
803
45.6245
-13.3841
1399
1055
-27.7629
7.6977
1400
1936
42.3537
27.1324
1401
338
5.32778
25.8825
1402
1662
14.6944
-6.16885
1403
1492
-17.9624
19.5667
1404
2979
38.5511
-12.8691
1405
2210
27.0064
43.8936
1406
1818
-19.35
-16.4663
1407
715
5.76825
17.7584
1408
1087
22.8172
8.09668
1409
2137
-13.6627
-24.0275
1410
18
15.196
23.636
1411
1494
31.1272
-22.1162
1412
1171
-21.4832
23.169
1413
1190
24.3032
-16.6916
1414
2725
38.1431
-43.7062
1415
722
34.8801
27.3206
1416
1940
16.3534
-0.63217
1417
2334
20.9982
-29.9461
1418
2227
-34.419
-0.621516
1419
1238
44.5888
46.7041
1420
0
5.71619
-5.23832
1421
1647
14.6382
-20.5587
1422
2816
-42.5107
24.5433
1423
1581
18.5735
16.6119
1424
2378
-30.8769
-24.7762
1425
1638
-46.7359
16.5621
1426
960
-25.8896
45.8111
1427
651
-45.0856
21.6045
1428
686
26.4617
7.25745
1429
2596
26.1076
-16.5616
1430
362
27.1101
14.7261
1431
319
-22.9777
33.5521
1432
2547
-13.7908
-30.9621
1433
275
19.7231
15.2096
1434
165
25.5216
28.9837
1435
2687
-27.4156
31.3909
1436
1387
-42.9748
-41.3625
1437
129
4.01274
-25.7996
1438
1275
0.502315
39.7992
1439
1879
3.63505
-39.3359
1440
2034
-0.527532
7.10323
1441
2117
-29.2329
-4.07531
1442
2214
-29.4433
-42.7021
1443
1244
18.0118
-19.192
1444
2517
31.2804
-34.4929
1445
330
-14.3104
-20.4312
1446
287
41.4983
5.57577
1447
1380
45.2346
-42.4322
1448
596
-19.7952
-46.1109
1449
931
-1.14288
30.2885
1450
948
-2.59076
4.90599
1451
2488
-15.9916
-41.6178
1452
2720
11.5804
26.5315
1453
1724
39.9489
-33.611
1454
1498
-44.7414
-44.5075
1455
16
-37.0073
26.054
1456
1507
-22.4697
-17.0151
1457
1254
34.175
18.8756
1458
355
-39.503
46.7201
1459
778
-46.7091
21.4265
1460
686
-15.2644
22.7419
1461
1601
-9.32951
-35.9205
1462
1663
-7.07471
-8.93934
1463
9
12.8724
-26.182
1464
2255
-33.1874
-5.18879
1465
1225
-41.4571
-1.69225
1466
1923
33.9949
32.9068
1467
76
-33.276
33.4623
1468
845
14.9364
31.862
1469
2187
-41.8489
-5.43369
1470
1191
37.3285
20.9619
1471
2436
-9.50933
11.7371
1472
736
19.6995
2.54309
1473
1706
11.105
46.9858
1474
406
46.8307
-45.3723
1475
2218
26.2376
-32.5672
1476
744
-20.0609
5.27172
1477
1512
24.9931
1.52409
1478
1429
20.2018
37.1057
1479
986
-5.01267
8.15996
1480
2955
-20.4152
34.3137
1481
2503
4.73043
9.26423
1482
1149
-27.5736
-28.8125
1483
13
-43.5064
-29.6296
1484
992
-38.0507
0.61282
1485
2424
15.0041
-27.4002
1486
2738
-10.3192
22.2456
1487
2747
46.9562
-17.1892
1488
297
20.6995
44.3685
1489
1650
-15.028
-11.2398
1490
645
-8.93267
-33.6641
1491
1168
16.0766
-1.96936
1492
2584
35.6121
-40.6466
1493
412
20.2686
27.0441
1494
1701
-21.0733
36.966
1495
2314
-19.9833
39.6111
1496
1520
36.7933
-32.8621
1497
2917
39.9231
-30.4486
1498
2128
40.8082
-8.59066
1499
936
37.8928
-4.74139
1500
2878
-31.1513
-22.1009
1501
288
-29.8665
-38.5156
1502
2667
10.2845
-10.5978
1503
1287
6.35443
24.9229
1504
2668
11.2956
-22.3707
1505
1246
1.12374
12.5172
1506
478
-32.8386
28.0992
1507
164
-38.2517
-15.199
1508
2172
-9.91974
37.4108
1509
537
15.1107
-23.1718
1510
2260
-37.8441
3.09692
1511
2335
-16.5239
8.64734
1512
44
40.0154
-19.0871
1513
103
11.2475
-33.4228
1514
2636
-14.484
37.2044
1515
1509
-12.4284
-0.752357
1516
146
19.9582
-18.1222
1517
201
19.1132
-11.7202
1518
25
-19.2055
-40.4926
1519
1738
-14.2161
41.3075
1520
1567
-12.9579
-32.0861
1521
987
34.831
12.0753
1522
587
-27.697
13.5874
1523
1934
-42.795
-4.22866
1524
2615
15.0727
20.3845
1525
114
10.4999
-10.0888
1526
1287
-40.0413
-19.6314
1527
583
-36.8879
29.947
1528
1535
-8.86168
34.1684
1529
1161
16.6892
-34.5896
1530
2409
-42.4047
-6.48964
1531
1191
7.15846
-40.9203
1532
1726
-46.4848
28.0366
1533
1146
34.7025
-2.15095
1534
2076
-33.3894
31.2038
1535
845
46.2805
4.47943
1536
271
-45.7862
41.053
1537
2914
25.9807
-23.1191
1538
1090
-21.9811
5.37406
1539
369
36.4791
-21.3232
1540
2740
-18.6959
-21.6034
1541
2711
6.60186
-39.9441
1542
1388
19.6005
42.7628
1543
1957
15.801
-34.4271
1544
1920
18.137
40.4914
1545
505
2.16001
25.1178
1546
2217
7.12041
-36.5627
1547
78
1.34333
4.61164
1548
2445
5.3531
-0.677484
1549
459
-26.0853
-5.95268
1550
83
-9.19113
9.83242
1551
714
17.9147
-21.378
1552
1050
46.4978
-2.53391
1553
2470
38.8863
46.1331
1554
1420
-14.8895
-40.8655
1555
664
-26.477
-17.0351
1556
1635
-6.09956
-43.0902
1557
40
-44.498
34.6537
1558
2482
8.83301
0.168145
1559
833
4.79936
34.2373
1560
1364
-23.6839
-37.9031
1561
188
30.6653
9.28912
1562
2886
9.24763
-46.9715
1563
839
21.5289
-30.7444
1564
334
20.8206
-8.99785
1565
25
-12.1027
-14.0083
1566
2180
-10.07
41.8042
1567
2183
-6.08248
26.0456
1568
990
45.0378
-17.779
1569
306
41.1592
-28.6305
1570
753
-23.7288
-5.85499
1571
1979
24.6225
41.3766
1572
350
-13.8455
32.415
1573
1529
-13.0755
-46.1999
1574
2177
12.6665
32.0108
1575
582
6.78216
-35.2889
1576
143
-16.1058
1.01895
1577
1741
8.97287
-18.2921
1578
2243
14.8117
-1.08005
1579
747
-3.94615
-28.467
1580
1888
-41.3036
25.08
1581
1324
34.3104
34.6538
1582
1792
18.5995
37.6794
1583
1117
5.00425
45.3236
1584
2549
-38.3711
13.2551
1585
1241
-3.03646
29.0331
1586
990
-3.04018
14.5884
1587
1365
-38.6737
6.06809
1588
707
23.444
-38.2737
1589
684
45.1257
6.76421
1590
2244
45.6272
19.7255
1591
1837
-25.4808
-15.1235
1592
2892
7.7729
-29.1702
1593
1612
-36.2075
38.655
1594
844
-8.92654
-16.374
1595
2275
33.6215
-4.72173
1596
620
5.75957
-37.4679
1597
143
-18.295
-2.42192
1598
1315
-12.5495
9.81142
1599
1472
24.0891
1.1569
1600
622
-10.3782
25.7899
1601
535
-25.8733
37.03
1602
2115
-1.54927
-10.1946
1603
727
-33.2965
-33.2855
1604
14
44.1121
22.2942
1605
2871
39.0319
-15.0693
1606
862
-5.497
-29.0977
1607
329
7.83187
-11.3321
1608
874
-45.1314
-7.95062
1609
1292
13.8176
-18.0378
1610
314
-44.664
29.9925
1611
2426
8.91078
-27.7437
1612
1505
43.7779
32.4777
1613
2129
-1.70363
-5.56088
1614
2800
-13.7092
-41.5275
1615
664
-13.2893
13.023
1616
1819
-40.8869
15.926
1617
2390
-21.7751
40.4044
1618
2198
-2.01459
-22.1411
1619
2289
-46.6219
-18.655
1620
155
36.6295
36.1751
1621
2167
-2.72743
37.3723
1622
215
37.597
36.4734
1623
1
-6.31509
9.27031
1624
2955
-27.3277
23.0659
1625
1862
4.38172
-28.8249
1626
2290
28.8706
-19.5764
1627
381
8.42902
31.815
1628
172
-13.0687
7.9104
1629
714
32.9318
40.9846
1630
2515
-28.9208
38.3626
1631
2169
44.8012
-33.9418
1632
1260
7.27146
-39.7239
1633
1388
18.5041
19.4409
1634
2697
-23.4384
-15.0605
1635
2151
45.9553
-35.9608
1636
1099
14.8636
-6.62402
1637
1098
-25.9196
-21.5549
1638
1649
29.736
-13.8986
1639
381
11.3337
16.7307
1640
1525
41.4484
-13.2231
1641
966
45.8669
28.8393
1642
760
40.8143
-7.48443
1643
694
-9.941
7.76989
1644
766
-35.9589
30.1992
1645
1535
-12.3959
-26.7016
1646
395
9.31699
-1.27013
1647
833
-8.4184
-30.893
1648
822
-22.9658
-18.6799
1649
603
25.3046
44.8527
1650
440
-1.16686
-15.4431
1651
351
-30.279
-31.4425
1652
13
-21.6111
-13.9287
1653
2481
-28.7471
-12.1152
1654
2407
-30.2184
4.38051
1655
246
22.2754
44.0897
1656
1650
43.9331
-20.5915
1657
2276
15.1035
23.7552
1658
1494
-40.3644
12.9844
1659
2634
-26.7598
-41.6432
1660
2393
26.7638
25.8316
1661
3
8.90289
28.068
1662
442
-8.174
-33.0923
1663
1607
18.2313
-19.4782
1664
2517
31.4212
30.5194
1665
219
-37.886
-42.6861
1666
2465
-17.4838
2.46829
1667
1178
45.8929
-16.2204
1668
1399
23.4406
15.2318
1669
256
-9.2313
35.8615
1670
264
24.6867
-0.116938
1671
257
-36.2107
-5.60337
1672
781
44.6343
-36.0278
1673
1260
-44.8512
13.6569
1674
2375
-0.940412
-0.325825
1675
8
9.9306
-2.57476
1676
311
-8.64846
-2.91949
1677
2174
-17.0795
-36.5855
1678
1521
-2.25744
24.4202
1679
197
-9.84416
-42.7136
1680
798
2.05027
44.7433
1681
633
30.7276
8.31766
1682
561
35.0663
-41.5203
1683
412
0.550296
11.7199
1684
478
19.852
-43.3727
1685
469
19.2
-22.1196
1686
1517
28.0865
2.43904
1687
257
-0.293772
-29.2494
1688
639
-0.540489
-45.7226
1689
2173
-38.4494
17.2983
1690
1972
-3.65265
-41.6968
1691
726
46.4575
38.5459
1692
248
-32.1014
-13.3711
1693
965
-19.329
-25.2492
1694
253
13.6836
-37.1434
1695
1544
-17.3346
-42.3455
1696
769
-11.6522
36.5367
1697
2777
-22.8896
-40.3277
1698
2064
-45.3464
28.027
1699
1146
18.9692
-21.9608
1700
1517
22.4932
28.8573
1701
1256
-18.556
38.0703
1702
853
-6.28519
25.6659
1703
1568
-32.9237
-2.8845
1704
1063
32.0374
-31.8231
1705
189
21.512
5.53315
1706
324
-5.26266
-35.376
1707
231
24.3802
15.5628
1708
2377
22.1045
-36.1392
1709
301
38.0663
33.5476
1710
729
11.679
-8.7319
1711
1287
27.2615
46.3781
1712
2860
-40.9996
39.5577
1713
581
22.9458
4.5009
1714
1230
-30.794
10.3347
1715
1827
12.8629
-32.5523
1716
2636
-30.9461
-40.1528
1717
873
-45.3865
-7.90475
1718
2197
-25.965
37.0111
1719
2115
19.2444
-10.1749
1720
2435
38.1065
-33.3028
1721
2793
39.3213
37.3705
1722
2567
32.4554
-25.4466
1723
972
15.4079
29.463
1724
2187
-40.9068
-1.12604
1725
1923
8.11355
-37.206
1726
1388
1.3021
-45.3558
1727
2487
-4.91348
-14.7982
1728
1603
-33.931
2.24973
1729
1655
-11.0325
1.2938
1730
146
-27.1471
28.2981
1731
425
2.85839
23.3899
1732
2840
-41.8129
-45.8001
1733
240
7.14059
-45.5367
1734
2498
-5.74547
-24.6642
1735
81
-13.9734
-46.9901
1736
526
8.63313
-42.1894
1737
1939
-17.9814
-39.201
1738
922
-38.6094
14.2963
1739
2366
-28.8197
22.8755
1740
1862
-13.5524
3.43852
1741
786
14.3271
3.54583
1742
22
-33.874
-1.37354
1743
1779
-22.9737
-43.1176
1744
877
27.7816
24.0349
1745
2496
-17.8375
14.2108
1746
1088
-35.7276
-13.0821
1747
1224
-44.9971
-27.4813
1748
1034
-37.2295
-41.851
1749
2693
14.0761
15.8114
1750
5
-25.6577
4.41873
1751
369
-6.40038
-2.234
1752
1330
4.25179
17.8979
1753
1345
1.61729
42.2195
1754
973
44.0717
-30.9337
1755
956
-30.1782
-15.1806
1756
2472
20.4472
-2.91468
1757
2199
38.5271
-6.79057
1758
104
14.9739
-17.6514
1759
2828
-31.8776
6.5077
1760
879
35.4882
38.1747
1761
162
30.2897
35.834
1762
1761
31.6607
-36.6047
1763
330
-5.28005
-30.8465
1764
1888
-29.0015
-34.5851
1765
2399
34.0757
18.1512
1766
355
32.8267
1.14616
1767
1077
-9.59415
-30.4876
1768
822
13.9449
-10.4146
1769
1968
-32.8026
-43.0308
1770
1717
44.8931
-7.39618
1771
415
32.3765
-42.5168
1772
2454
0.924768
36.3252
1773
134
-30.3841
5.86287
1774
1936
-29.1903
26.0739
1775
199
31.5123
3.52155
1776
273
-41.2782
19.681
1777
2502
18.8536
17.4932
1778
2817
-33.1156
0.343032
1779
1238
-26.8827
-26.0883
1780
2361
33.2389
25.0803
1781
1940
-8.72568
-42.6914
1782
59
-1.693
23.8911
1783
197
42.5866
17.657
1784
577
15.3934
-9.10919
1785
2812
36.3337
40.3566
1786
1937
9.63835
43.8768
1787
2994
-10.7347
-0.588367
1788
512
24.0539
26.9541
1789
262
-34.23
12.6475
1790
1075
-5.67866
29.6026
1791
1450
37.1066
37.4303
1792
1
-33.3323
-13.4843
1793
965
-13.9414
46.8289
1794
2070
-44.0719
10.1453
1795
1196
-37.7418
3.72718
1796
2335
45.6989
31.6041
1797
1251
-28.2201
25.4602
1798
1017
-1.60988
-36.2076
1799
2891
-9.92956
36.7421
1800
2777
-45.9534
13.402
1801
830
11.6848
29.198
1802
846
43.253
-21.8363
1803
918
-28.2398
45.1195
1804
2772
37.5363
26.6187
1805
72
-21.1079
-34.2169
1806
1200
18.6475
-6.22909
1807
24
45.6053
-15.5596
1808
1399
-13.1639
-20.5144
1809
431
4.67847
14.1935
1810
2446
37.2669
19.7592
1811
2808
-33.3574
21.7505
1812
1740
-20.4999
-43.5134
1813
2527
-25.7453
38.2629
1814
1496
-41.3191
19.5137
1815
2502
-5.69855
-30.4335
1816
1888
38.4422
-38.9773
1817
447
32.2409
44.3789
1818
559
-10.567
14.5423
1819
710
-40.4349
14.9869
1820
2791
-18.8347
4.63496
1821
399
44.3508
17.8332
1822
1837
-35.59
35.9328
1823
1192
5.74614
-27.1189
1824
612
21.5835
-40.0506
1825
771
40.1076
-20.5832
1826
496
-29.1466
10.7689
1827
57
-21.0763
33.3424
1828
2503
28.4861
1.02505
1829
257
-22.7145
-43.9618
1830
2384
-4.76088
10.0538
1831
2955
30.683
39.351
1832
1348
2.1572
-41.2591
1833
1440
2.05108
34.4399
1834
894
46.1825
-28.2255
1835
408
-13.7455
-17.5778
1836
925
46.0306
23.2529
1837
875
-0.213598
28.7163
1838
948
-12.3148
-13.5385
1839
2180
-33.676
11.4868
1840
2062
-2.36342
21.7433
1841
2855
-25.8799
10.5374
1842
838
34.0328
30.4379
1843
1375
31.9107
-36.756
1844
330
24.9353
23.1942
1845
731
35.3599
-43.3509
1846
2219
-23.0882
-1.58533
1847
808
-41.5628
20.09
1848
2807
44.5412
-35.4137
1849
1260
42.0738
38.0547
1850
1346
12.909
-18.8811
1851
2773
-16.5374
-1.24474
1852
1741
17.7421
-34.2128
1853
2613
-41.0087
18.8075
1854
2502
-46.5758
-21.0588
1855
228
-1.87638
-36.4102
1856
2891
18.4774
-31.3809
1857
2362
29.438
-36.655
1858
993
36.0929
-45.1958
1859
2734
-33.2152
-36.8614
1860
2786
-11.7843
-25.7243
1861
395
-23.695
25.1701
1862
2222
3.17192
-31.5363
1863
1106
4.54744
13.6168
1864
2446
-39.4618
-7.70384
1865
604
24.27
33.9272
1866
1904
-10.3424
-44.0412
1867
798
-2.66688
-41.8037
1868
726
37.7726
41.7319
1869
1129
-0.619074
22.9172
1870
445
10.0572
-30.4565
1871
2287
-34.8477
-29.2889
1872
500
45.3571
-3.24044
1873
2327
33.1335
-2.10341
1874
2076
-19.5715
-14.2706
1875
229
40.3204
-37.6011
1876
1454
1.45308
26.0483
1877
197
42.308
-45.8455
1878
608
6.21893
40.796
1879
1037
-0.856324
-11.9411
1880
2595
-17.3875
-17.2902
1881
11
-13.4486
22.2615
1882
2747
40.9587
-34.6581
1883
1386
-32.6761
-41.8459
1884
1717
-8.29165
14.9392
1885
1990
29.3041
21.5672
1886
1273
7.55921
-22.3681
1887
2229
-1.17661
-27.2026
1888
1064
23.9854
12.9665
1889
341
2.86913
16.223
1890
1408
6.88203
-32.0935
1891
1612
-41.6934
-5.10812
1892
1191
8.99278
22.4761
1893
1912
-32.513
1.34693
1894
2386
26.2608
-8.46534
1895
403
32.7616
-23.1261
1896
2883
20.2824
8.48943
1897
2640
-12.7356
8.59824
1898
1472
-22.6429
-14.313
1899
2151
-13.7471
-40.422
1900
664
46.0012
-36.6344
1901
1636
15.3076
13.5446
1902
1778
-18.2961
38.5162
1903
2768
26.9674
35.8333
1904
909
17.1319
13.7067
1905
2378
-45.7772
12.6364
1906
830
-27.2696
-14.5932
1907
657
17.2816
-19.3675
1908
2531
-37.4113
-17.2172
1909
583
24.9921
23.7612
1910
1661
10.8087
3.19209
1911
2717
10.9363
23.0064
1912
198
35.184
2.12232
1913
2606
-19.8411
45.2508
1914
2939
-10.8918
26.0727
1915
535
4.68917
34.1919
1916
1364
-29.5168
19.4566
1917
866
43.7376
-27.4089
1918
2868
-15.3039
-21.8574
1919
287
16.7926
-32.0026
1920
2929
31.5107
-45.6376
1921
927
26.1761
14.3491
1922
507
-36.2177
0.454096
1923
1093
6.675
39.2703
1924
187
-15.1548
-19.6418
1925
925
-17.9992
13.4519
1926
1746
36.8605
3.31919
1927
1175
39.6035
45.1911
1928
2107
24.8871
-3.28384
1929
2146
3.96028
20.4015
1930
2408
-25.9691
-46.5584
1931
323
-2.27016
-13.5155
1932
912
9.47479
29.709
1933
442
-23.4072
15.5503
1934
359
-26.9374
-17.3408
1935
1635
-25.4715
8.65794
1936
838
40.6189
43.1076
1937
96
31.3096
-27.6168
1938
1412
10.9069
-38.4608
1939
967
35.5782
28.9562
1940
1710
24.7528
31.4914
1941
107
-25.6653
14.6994
1942
554
4.68206
38.6964
1943
1924
-36.1779
30.373
1944
1535
20.3733
9.54748
1945
2640
15.833
-46.4596
1946
870
37.7002
22.0939
1947
2436
12.7046
14.4126
1948
308
33.6848
-18.7323
1949
2685
-11.2958
-19.0192
1950
743
21.1318
-40.8088
1951
852
30.452
42.5259
1952
698
-38.1454
-6.50796
1953
781
-40.0074
-5.46039
1954
2216
-18.8764
-3.55028
1955
1598
-9.55299
-6.45859
1956
402
21.9067
43.2733
1957
1406
-35.8273
25.6282
1958
1080
3.82867
43.1457
1959
244
-5.06089
30.648
1960
2836
1.70195
8.51957
1961
2117
-37.4327
15.235
1962
2791
-33.5754
-19.0294
1963
1756
-12.0801
-2.3742
1964
512
-19.3669
-26.4468
1965
253
-23.5082
20.2651
1966
801
-36.7551
35.7385
1967
1823
15.0963
-6.57659
1968
1098
14.8547
-15.4903
1969
314
-41.1201
-0.479824
1970
1485
4.52511
32.1035
1971
136
-37.3208
17.8459
1972
591
12.0165
-16.3115
1973
2099
9.2654
-37.4752
1974
1189
-42.8497
-5.52974
1975
562
10.6211
-33.6929
1976
1189
10.0091
-34.4518
1977
1189
31.799
44.1858
1978
559
-22.6691
-4.21017
1979
871
-25.7201
-27.9329
1980
2361
8.01759
-26.6962
1981
1505
-37.0546
3.08593
1982
2335
-11.8984
37.9602
1983
724
-24.9145
-26.9401
1984
2361
46.0291
21.6624
1985
719
-43.9069
13.6293
1986
2375
12.8249
-41.2509
1987
2712
30.7915
37.211
1988
2775
20.5697
9.47048
1989
979
-7.01829
15.9448
1990
668
10.031
8.72254
1991
446
-19.2991
27.8039
1992
1314
-2.34259
-5.48885
1993
2800
-40.052
-32.7257
1994
2614
-11.0913
-37.9709
1995
1663
-13.9269
10.4417
1996
2657
42.8361
46.2509
1997
0
31.0924
-42.1842
1998
1763
7.99889
2.57231
1999
459
0.521315
-44.6464
2000
2173
24.0016
-45.1283
2001
546
-37.7208
8.46966
2002
2544
-10.8167
32.5951
2003
2905
-17.362
-5.43587
2004
1297
-8.81909
-45.0022
2005
2228
-27.387
5.48622
2006
109
-15.6701
-43.9688
2007
635
34.7097
-22.491
2008
366
30.0484
-18.3525
2009
621
21.3149
1.91946
2010
1714
23.2655
14.2399
2011
2377
-41.8474
-18.7569
2012
1508
-26.4765
38.5023
2013
717
-2.62798
-16.1603
2014
351
-27.0364
-16.2512
2015
2892
41.7694
5.78693
2016
1380
-15.0795
-6.52422
2017
2491
24.0975
7.27312
2018
1230
16.2126
22.7056
2019
1250
5.72914
-7.85229
2020
214
27.3518
-41.5302
2021
1858
39.846
44.9467
2022
2107
38.0236
11.8175
2023
2973
16.2944
-13.9469
2024
2312
-5.60785
20.1476
2025
2120
-3.11223
-37.9627
2026
80
1.87725
-38.4917
2027
576
12.6284
-12.8801
2028
1785
-14.9847
22.5754
2029
1601
14.8145
-17.3558
2030
314
21.0857
39.5728
2031
1223
-21.9808
-9.3771
2032
171
-39.9245
-17.2252
2033
2172
5.98194
-35.3401
2034
1891
-4.06329
0.934889
2035
2261
-23.0433
-28.2739
2036
1302
45.7735
-46.7316
2037
594
0.0144127
26.5471
2038
2044
1.14031
-29.4835
2039
2761
10.6142
33.8986
2040
509
11.8356
-41.9757
2041
487
-27.7313
-29.1192
2042
13
3.27313
46.724
2043
2232
4.95482
27.3224
2044
1933
-14.3249
-43.9533
2045
970
-17.8461
17.8644
2046
467
44.0917
24.9796
2047
796
-26.2048
17.7189
2048
665
32.6933
41.0753
2049
1030
39.5797
2.99264
2050
2092
29.5038
0.177762
2051
2904
-1.20466
24.2259
2052
197
-3.62023
20.5698
2053
2643
-27.3717
17.9388
2054
1966
-15.5569
-36.5814
2055
941
-14.4056
-15.4051
2056
816
-22.7974
-32.8783
2057
2349
-34.191
-0.369501
2058
385
-24.154
-11.7618
2059
2963
18.8508
-32.1833
2060
2946
21.25
8.03328
2061
1127
-31.0914
12.3084
2062
1523
27.1462
2.32735
2063
257
-19.8683
-36.7855
2064
326
-31.7301
-23.0232
2065
288
-19.3747
29.0687
2066
712
45.7145
24.8211
2067
1642
-39.307
33.4722
2068
834
0.785336
8.79516
2069
926
-8.98695
46.7183
2070
2478
44.0385
26.1211
2071
673
-27.3671
14.9234
2072
2885
-9.94695
-29.9307
2073
822
-42.7668
-6.84155
2074
1191
-3.43881
29.7863
2075
1450
36.3501
1.91913
2076
2606
39.9226
9.6684
2077
1120
29.3468
-25.5572
2078
910
31.177
0.643748
2079
212
-30.5526
46.5015
2080
1427
-15.8905
-14.427
2081
2313
43.656
25.8993
2082
673
5.71166
-2.16846
2083
1253
-29.5344
-30.263
2084
13
46.3405
27.239
2085
875
-22.5563
39.8796
2086
2198
-21.7419
-14.0419
2087
2481
45.9683
42.86
2088
0
-2.78705
4.07175
2089
2488
-34.2888
3.22862
2090
1774
-15.7739
-14.4286
2091
2313
39.4568
4.77683
2092
2077
-26.5495
29.3247
2093
425
37.9499
-45.7449
2094
1415
30.9291
43.4007
2095
2762
-23.1463
3.78457
2096
400
-13.147
-24.6743
2097
18
-5.94009
46.3307
2098
2247
14.3669
-11.9861
2099
1785
12.2351
-26.5232
2100
2255
-28.2276
-34.8641
2101
971
-12.2589
-35.8199
2102
2811
-13.681
36.4973
2103
2777
15.3096
-18.8219
2104
2828
24.7701
-14.0478
2105
2788
14.4121
40.6728
2106
804
43.8933
46.1842
2107
0
0.882527
6.783
2108
2117
25.6816
-29.2438
2109
2981
23.9878
28.544
2110
2881
30.8817
7.58391
2111
1317
3.94321
-10.5129
2112
2020
-31.9309
-29.9767
2113
2650
-40.4328
-22.7151
2114
2241
-20.9528
37.4176
2115
1702
-8.84977
-24.6759
2116
2638
4.12062
9.38743
2117
867
35.6918
-40.6624
2118
412
-40.0438
24.2627
2119
1958
-3.25369
21.5741
2120
2855
1.15694
-10.8293
2121
2190
-7.7865
19.3449
2122
2120
35.2972
23.2015
2123
2771
44.7701
-26.0776
2124
128
31.0315
36.2248
2125
1761
-45.0419
-31.7982
2126
477
-8.64408
-13.4344
2127
1463
40.1618
-25.7285
2128
783
43.6381
37.7967
2129
1048
-14.3796
32.8114
2130
683
-16.5448
-33.7058
2131
2223
41.2274
18.5913
2132
577
-25.5546
33.3872
2133
2700
-11.0275
-42.568
2134
2453
39.3807
-23.7861
2135
103
-0.533515
38.3475
2136
2845
25.5402
12.2569
2137
1431
1.25671
26.5883
2138
2044
-12.9783
27.2856
2139
1236
4.79697
-22.6969
2140
1162
-34.1737
-29.3953
2141
500
1.99942
-45.1861
2142
2487
-25.7821
40.3877
2143
1618
16.2919
9.66244
2144
978
-13.5755
-16.3538
2145
1566
26.4154
-1.72459
2146
795
28.6758
-15.9804
2147
381
18.7783
-13.9395
2148
65
-8.6958
2.49365
2149
1376
39.705
-1.3876
2150
102
-20.1838
-12.3864
2151
1377
1.93113
4.61469
2152
2445
43.5104
-30.649
2153
1247
39.7778
-35.4492
2154
1498
2.1021
-7.41401
2155
2333
-10.7428
34.4415
2156
2810
-16.2647
-39.828
2157
922
-43.4036
0.786933
2158
1136
-32.4646
29.5973
2159
1436
38.0966
-43.9747
2160
1415
7.83147
21.7605
2161
1912
16.0985
-24.9934
2162
2738
44.5588
40.8291
2163
688
-32.7103
29.4429
2164
220
-15.3138
-30.6315
2165
1646
-20.2321
-21.8664
2166
679
39.0244
38.3653
2167
1
43.313
-0.20053
2168
593
-23.884
39.5765
2169
1618
-6.35635
30.582
2170
656
-28.5631
-39.9899
2171
1244
-36.7722
-14.2531
2172
382
0.870263
-44.0441
2173
1440
-4.22315
-0.253945
2174
1330
27.4673
-42.3697
2175
2923
-2.3518
30.1597
2176
1450
-10.3426
-43.0941
2177
798
-33.8702
-43.8179
2178
1717
-17.5801
2.98441
2179
1178
-9.76559
-10.8556
2180
227
-45.2962
5.56524
2181
2797
-1.36891
-24.4819
2182
2592
-5.84911
42.3116
2183
977
-13.2132
-45.0404
2184
526
39.0531
-14.4774
2185
862
45.7471
25.6052
2186
1642
18.9907
32.6643
2187
89
-37.721
-4.54698
2188
2862
-12.4864
-20.7755
2189
1950
3.66002
-6.49786
2190
1142
-46.8905
-28.2142
2191
809
-38.1929
-25.7996
2192
1107
-39.1285
-11.3884
2193
1199
24.1993
36.5808
2194
304
-27.4215
-45.1479
2195
2833
26.6259
20.1274
2196
255
-42.2531
-6.09244
2197
1191
-18.2032
40.6565
2198
1520
21.8103
-0.445824
2199
2552
36.6674
-17.1841
2200
2210
19.7679
22.8642
2201
789
-26.4015
35.0593
2202
204
3.4317
1.49638
2203
2466
-26.1541
-38.3683
2204
2431
-11.7932
31.1363
2205
1052
15.0262
-2.15422
2206
1417
-38.7114
24.8752
2207
1080
-38.7096
-44.1257
2208
2317
-41.926
31.9972
2209
1240
38.5449
-12.4419
2210
230
41.2238
10.4088
2211
1120
42.5822
8.94619
2212
1354
3.58111
-22.6608
2213
1162
-25.2487
-1.83756
2214
1391
12.8293
36.6359
2215
509
-38.5705
-4.05573
2216
1419
6.57228
27.6756
2217
1662
46.4086
-42.1879
2218
702
35.8569
-40.1377
2219
412
12.2144
34.9597
2220
509
13.7942
-18.9708
2221
1969
-18.7299
26.0699
2222
2846
-14.3949
-30.7779
2223
508
16.2946
26.3195
2224
1494
-11.6762
-28.9483
2225
275
-24.8598
38.0647
2226
2809
21.6803
-25.8093
2227
642
-6.62133
-41.7812
2228
40
8.40423
-20.8237
2229
383
-43.8253
-5.67696
2230
2615
-41.6218
2.88
2231
2839
7.70291
44.6833
2232
2549
9.64362
-0.461071
2233
833
-43.2029
-10.2211
2234
1865
19.9216
-43.7148
2235
469
-4.30907
38.8047
2236
1439
-45.8926
-12.3472
2237
2234
-45.3227
16.5398
2238
1854
-43.5792
-40.8393
2239
1322
44.1369
-32.4058
2240
956
-35.6081
-21.8532
2241
2588
-37.7584
31.8922
2242
2529
10.1737
-15.1585
2243
828
45.5296
11.7256
2244
695
-45.0299
43.2634
2245
494
-30.0107
20.2652
2246
2999
-0.675823
45.2203
2247
481
-13.3826
40.6775
2248
1014
-20.3403
32.6058
2249
2324
-43.9473
29.174
2250
802
-11.8058
28.7653
2251
94
-37.5052
7.18855
2252
1288
-12.251
33.7041
2253
1529
32.3161
-5.87698
2254
2494
13.9773
-21.5093
2255
2816
30.6051
5.59796
2256
1317
-9.61293
34.1704
2257
1529
-22.2567
-7.50923
2258
2706
3.21916
-16.6581
2259
194
16.6857
-19.034
2260
1320
-2.17276
2.33516
2261
2980
15.2441
15.565
2262
5
-20.8202
-10.2975
2263
1021
42.5653
-9.5549
2264
292
6.13327
11.8668
2265
1281
-17.0423
42.6769
2266
891
15.9853
-43.6724
2267
916
-7.01233
17.7123
2268
2053
-1.00036
-28.0737
2269
379
-46.6158
-5.62394
2270
2615
-22.7083
-43.5081
2271
540
-39.5414
32.7827
2272
1240
46.225
-5.54906
2273
332
-2.67382
-10.0259
2274
1367
-5.68838
-13.9914
2275
791
45.0074
-15.9747
2276
1399
25.8056
45.1334
2277
1712
-24.7282
-43.7766
2278
1698
3.68055
-23.6131
2279
2140
-38.8137
-25.8429
2280
489
-40.3477
-31.23
2281
2614
-10.5286
-27.6824
2282
1046
-10.0257
-37.5784
2283
1663
-36.1019
-33.3201
2284
179
42.9957
23.8388
2285
2525
-37.3936
21.7402
2286
69
11.6292
-25.6795
2287
192
-3.6119
7.96007
2288
52
1.3709
-18.2648
2289
580
6.34434
-25.8701
2290
612
-36.8695
43.2224
2291
360
35.8084
-16.3344
2292
1333
18.6828
18.8043
2293
2469
-13.7644
12.0115
2294
1819
-18.3303
1.68309
2295
1178
-2.87942
-7.19317
2296
1614
14.3924
-38.5839
2297
1530
0.796914
32.5174
2298
152
-12.235
10.5588
2299
574
-41.9688
42.5287
2300
494
14.2504
5.90266
2301
2144
-30.9822
-6.02113
2302
2959
-14.5371
9.6194
2303
44
-29.3635
44.8113
2304
2772
16.6162
-40.0136
2305
2937
-41.3796
-40.101
2306
129
-31.1117
-20.92
2307
32
13.6798
46.9509
2308
2520
-8.26534
16.8829
2309
2268
-24.47
-34.1347
2310
663
17.1004
44.8951
2311
463
17.2876
-12.3468
2312
1221
-13.6196
-13.2152
2313
434
-16.2408
36.0325
2314
899
29.5073
-25.2735
2315
910
-44.7403
32.1152
2316
2209
-36.4601
-40.6315
2317
2693
-20.2004
-21.9563
2318
679
-7.7331
-9.43627
2319
1463
23.9925
-41.5998
2320
546
24.9887
-5.69239
2321
2146
-45.7343
-22.6401
2322
2530
-34.0327
0.906545
2323
1238
-19.5369
32.5808
2324
2130
5.69944
31.1467
2325
1364
-32.9538
-14.9964
2326
1359
45.2991
1.13139
2327
270
-34.3256
10.2664
2328
2062
-21.3425
28.1701
2329
712
-2.31753
-0.909544
2330
8
-8.03056
25.0589
2331
1568
23.071
22.7546
2332
4
3.31547
-5.39547
2333
2083
18.9457
3.16487
2334
2510
-34.2577
4.80871
2335
1774
-10.7353
-2.12554
2336
512
-26.6738
-25.0422
2337
2361
26.7038
-36.7325
2338
2985
-2.03382
-26.951
2339
1039
44.2426
-0.919427
2340
593
13.1442
-8.58453
2341
1637
36.4097
12.1326
2342
2928
-26.9947
29.9195
2343
1180
-32.3878
46.2272
2344
485
31.1811
-12.8733
2345
147
37.3531
34.1766
2346
1722
2.91425
-43.2389
2347
1440
-6.44058
34.4865
2348
1161
-20.7494
-29.294
2349
1965
33.3612
27.9358
2350
1843
31.2036
15.8957
2351
1085
46.8801
-25.3574
2352
128
41.8877
34.8139
2353
2129
8.3236
24.2023
2354
1453
-46.619
37.1018
2355
847
-20.0693
-36.0891
2356
1169
37.142
-44.2607
2357
2734
36.1797
-22.9331
2358
373
43.8335
3.87787
2359
592
-3.56641
-21.6943
2360
2851
-23.9777
-23.1582
2361
2513
19.775
-28.308
2362
1245
45.9613
5.15996
2363
1590
-35.5302
16.9474
2364
2563
-41.6101
31.4541
2365
1396
-34.2666
15.3026
2366
2563
-2.13434
-26.8999
2367
1039
-23.0389
-36.1696
2368
1200
-32.9227
-12.3849
2369
901
41.6414
38.833
2370
1346
-19.5183
26.4854
2371
2737
16.4003
27.1147
2372
733
-2.1242
26.2991
2373
619
46.7823
39.8147
2374
2088
-39.7072
14.0641
2375
1739
-46.3267
-29.4966
2376
1034
25.6703
18.388
2377
255
19.609
17.8373
2378
165
37.5761
38.1825
2379
1
42.1238
-28.972
2380
339
4.01177
-1.69481
2381
1549
16.2241
34.589
2382
1479
-30.7855
31.4698
2383
2830
-19.7214
-40.8373
2384
1678
-41.7144
40.139
2385
2589
-28.8464
3.85111
2386
486
-43.757
41.1514
2387
2589
6.01495
12.5884
2388
867
-25.4588
-41.0032
2389
674
-38.3364
17.0484
2390
591
36.4627
-27.1316
2391
2358
-0.747538
-21.7689
2392
2289
-24.2367
-38.1303
2393
2368
0.584559
-16.692
2394
600
2.48538
-30.3516
2395
2678
-41.2274
4.2968
2396
2728
-46.1098
11.9236
2397
830
20.0275
10.8515
2398
2011
-26.6579
-31.9554
2399
2703
6.17416
-35.922
2400
1141
42.7522
1.39647
2401
458
15.6498
2.67018
2402
1108
-26.1308
17.3566
2403
665
46.7269
-6.52488
2404
332
43.5021
6.51864
2405
1159
-30.6194
-22.7014
2406
288
-25.645
-8.18431
2407
299
5.59442
22.0546
2408
2354
18.2069
-31.2498
2409
2929
18.0249
10.4409
2410
589
14.4464
-42.8811
2411
687
5.54873
-29.9088
2412
1366
3.89194
-25.7322
2413
1275
-34.498
20.0354
2414
1131
33.835
43.0768
2415
770
38.6705
-24.5826
2416
1188
-21.7936
-37.1468
2417
1169
34.893
9.2154
2418
1522
-14.57
11.0989
2419
1181
-13.4182
35.1175
2420
200
-38.9659
43.0434
2421
1074
-26.2276
-37.2921
2422
2431
36.6809
-13.1081
2423
230
-34.2795
2.43037
2424
1655
-18.3509
-44.1646
2425
931
-41.909
30.163
2426
1528
40.688
34.0539
2427
1205
-42.9589
-18.8794
2428
2033
-38.1945
-23.6758
2429
2241
-16.1401
46.5578
2430
318
-24.0304
-34.6636
2431
2057
-6.61771
46.7493
2432
495
-34.1653
23.5217
2433
340
-1.5365
-38.9564
2434
726
21.0978
-5.56629
2435
1325
39.0361
25.7184
2436
72
4.01062
38.0619
2437
1924
-14.2778
40.0705
2438
2248
22.7678
13.5541
2439
2011
29.0025
-42.5835
2440
2923
15.2061
-26.7697
2441
2738
-11.5586
-22.3693
2442
18
20.9121
-3.22168
2443
2199
-23.5228
29.0206
2444
425
5.68608
7.26209
2445
848
7.39154
17.4625
2446
1087
-30.1836
-11.6565
2447
965
10.1907
19.1326
2448
1393
30.2983
0.643384
2449
2256
-43.399
-17.5556
2450
1157
-44.5019
-37.233
2451
963
-24.1786
-11.1078
2452
2032
-9.27021
-40.8616
2453
59
32.5399
-38.3156
2454
185
-46.986
43.4108
2455
2300
4.88005
1.52798
2456
2838
29.5891
-20.0327
2457
2009
-42.7481
29.5008
2458
802
43.3337
-31.7292
2459
1247
-33.9046
-40.3656
2460
578
12.792
-1.09541
2461
2402
-10.1839
3.23764
2462
1061
36.8746
6.94821
2463
1175
-3.26223
-7.57473
2464
1614
-36.0999
-38.5229
2465
2926
4.80629
5.29831
2466
7
-43.4065
21.2298
2467
84
13.4021
-8.97798
2468
1637
20.4901
20.068
2469
2332
45.9474
2.31694
2470
1590
-14.6374
21.6688
2471
1487
-28.1215
-14.0101
2472
2452
34.3947
4.07456
2473
2418
-29.7214
-44.8176
2474
1660
19.7056
15.1499
2475
1434
-17.242
29.2087
2476
1314
-34.4077
20.6127
2477
1131
-5.77019
46.1697
2478
1186
46.023
-43.2984
2479
1038
32.6925
-42.354
2480
2454
-17.478
-11.9542
2481
148
-39.7239
34.1553
2482
1823
-19.8193
-34.2082
2483
1340
-3.28385
32.8984
2484
2637
30.1244
-14.1888
2485
2345
-18.8392
31.1276
2486
1573
2.1489
-43.8401
2487
1440
-2.47887
4.85029
2488
2108
-17.9092
-2.76629
2489
1852
-0.0575411
-15.1707
2490
600
-10.5085
-4.3539
2491
1167
3.24615
-28.1329
2492
1438
-34.3589
-32.105
2493
2113
33.1863
-4.33825
2494
620
-15.5624
-6.62616
2495
541
31.3337
27.467
2496
1843
36.9094
-29.0139
2497
2844
8.53696
-43.5491
2498
1737
41.2839
-45.2891
2499
2900
-30.063
-35.3381
2500
2399
-35.8593
-10.3472
2501
386
-36.4818
21.1085
2502
1812
-16.8111
34.3841
2503
2420
-37.395
35.39
2504
1823
-14.4535
44.1729
2505
650
12.3298
-19.3715
2506
1246
-46.5893
-30.8855
2507
754
28.645
-23.4347
2508
2457
-44.2101
18.6902
2509
1777
21.4888
6.7619
2510
324
-5.67785
15.6215
2511
668
34.5688
-20.7176
2512
2292
-20.9414
-20.8692
2513
1881
11.9188
35.6887
2514
509
34.4077
41.6253
2515
1030
31.1143
21.5377
2516
1781
18.4024
-18.1552
2517
2148
-29.0784
31.5585
2518
2830
-23.6844
-46.7472
2519
1813
17.9187
46.4533
2520
527
-46.7329
11.9085
2521
830
25.3996
-29.4631
2522
2981
-16.0105
10.11
2523
2657
34.3406
-11.2597
2524
354
43.651
28.0218
2525
673
-46.8317
17.1781
2526
2858
-18.4877
-40.3404
2527
2055
23.2721
9.5215
2528
324
-33.2448
32.9791
2529
845
-42.1748
-19.1512
2530
2033
18.8694
-15.5212
2531
2148
16.9002
-34.6579
2532
1857
1.03623
-33.0154
2533
2395
35.0921
26.4297
2534
1940
-7.87663
36.9648
2535
79
36.8057
40.135
2536
449
19.5387
5.91805
2537
2061
-21.7952
6.35316
2538
2872
36.9228
19.9402
2539
1947
41.3152
-22.37
2540
919
-30.6633
44.3397
2541
2772
5.82432
-21.5795
2542
1162
29.3359
-11.7766
2543
543
-33.8223
10.6643
2544
2062
-38.5532
-11.8511
2545
2501
40.9165
6.9518
2546
2211
-18.2924
35.2942
2547
2103
4.28314
4.67345
2548
7
9.55287
44.8708
2549
2977
1.95507
36.9023
2550
134
-30.2845
44.4415
2551
2772
23.5738
3.78801
2552
1429
23.5739
-44.696
2553
546
24.1095
-11.3391
2554
1212
-40.6635
-42.6532
2555
497
10.8231
25.6182
2556
274
-34.9883
6.43291
2557
829
28.131
-13.5044
2558
543
-15.2224
-21.9038
2559
1446
-9.36976
-9.64726
2560
959
36.8519
32.1594
2561
729
11.0427
-5.55484
2562
149
-30.7512
16.9288
2563
2054
-6.29144
-44.3255
2564
943
-45.5711
16.3987
2565
2238
-5.43748
-16.2206
2566
1728
42.4943
40.733
2567
1346
-20.4677
7.90659
2568
2746
45.6571
-23.4258
2569
128
42.6627
-16.25
2570
2814
3.65754
-23.8441
2571
2140
-16.8637
9.41779
2572
1996
14.371
24.1284
2573
198
-46.0609
-36.3027
2574
963
-1.77609
-43.968
2575
413
-10.0352
-17.8865
2576
1595
-15.3184
46.0019
2577
318
-23.8378
46.7742
2578
651
25.0268
-28.239
2579
2981
15.7967
-46.9208
2580
60
20.8886
46.2282
2581
1201
31.9153
-36.4748
2582
330
8.83792
-27.5108
2583
914
17.9971
0.463242
2584
1473
-22.2982
-5.76131
2585
1955
-18.9057
-40.2147
2586
1738
18.3153
37.7048
2587
2727
-32.8118
-18.6436
2588
1356
-38.8825
40.7545
2589
581
11.7557
-13.4996
2590
33
8.90339
2.09253
2591
459
1.94287
-22.0468
2592
2831
-28.5679
20.9103
2593
2976
10.6195
20.6557
2594
1087
1.68186
-7.61687
2595
2333
28.5241
11.7855
2596
281
38.3545
-38.5024
2597
447
-11.1476
-23.1193
2598
18
26.8645
-31.1911
2599
632
15.7381
-32.3604
2600
588
11.5049
-36.9741
2601
967
40.9243
33.7983
2602
1205
-20.1432
-24.3825
2603
2674
-46.8264
6.97935
2604
327
-7.01397
46.7432
2605
495
37.7623
6.39797
2606
1175
33.483
12.1018
2607
587
-35.6081
23.8481
2608
1080
24.4629
-42.1277
2609
546
33.0275
32.0454
2610
1467
-31.4628
-43.0997
2611
21
-15.5269
-14.3818
2612
2313
18.6971
-31.8192
2613
320
-37.3466
-29.1676
2614
1304
-42.2233
-3.85729
2615
562
4.04725
5.50706
2616
2445
7.27035
-18.5708
2617
2243
24.7047
35.6135
2618
367
19.361
44.3152
2619
1489
-31.1586
39.1844
2620
1076
-44.5
36.167
2621
1263
-1.09651
21.4681
2622
1732
-30.4246
8.55941
2623
538
-38.4006
-3.73041
2624
1384
-32.4849
-24.0255
2625
2406
24.2373
43.897
2626
1406
35.4079
35.8612
2627
1792
0.151869
25.2875
2628
197
-8.09542
-10.0277
2629
1463
-41.0442
-40.1369
2630
876
-20.6507
24.7718
2631
2222
13.5889
39.8041
2632
1545
2.97752
12.5294
2633
478
-37.6245
14.4635
2634
2366
-46.3407
21.3865
2635
686
13.4072
-31.3583
2636
1486
-2.51262
33.3878
2637
1834
-7.38877
-22.768
2638
506
-27.5421
-19.5768
2639
2755
21.6231
11.6311
2640
1669
-31.2646
45.393
2641
1804
-18.6318
-16.7281
2642
715
-1.84236
21.7323
2643
2855
8.39908
17.3155
2644
2448
31.2237
-45.4146
2645
927
-46.7266
23.3154
2646
1423
19.2522
21.8737
2647
2201
6.18436
-15.0536
2648
1608
7.93718
6.3421
2649
1991
-28.0386
-27.5022
2650
13
-29.5679
-42.714
2651
1443
-44.8814
3.89201
2652
2396
-29.5076
-26.016
2653
2822
-39.4446
-23.1523
2654
2241
3.57894
-6.28616
2655
2083
45.1557
-33.2755
2656
1099
-11.6477
11.6492
2657
1202
-18.9341
-26.928
2658
253
-4.09013
29.4978
2659
1450
42.771
19.9981
2660
577
-20.0068
-8.51486
2661
171
-44.2645
4.01272
2662
2396
-18.0056
-30.0142
2663
182
-38.415
-14.8704
2664
1747
-3.52449
-41.8931
2665
2434
-32.6188
-4.26425
2666
1225
-27.1869
-34.2891
2667
2876
8.65802
26.076
2668
924
45.7599
-29.8311
2669
408
-26.8334
-1.68509
2670
2718
28.6487
-13.187
2671
543
-17.1437
-46.5432
2672
2007
0.66142
-5.04119
2673
805
-16.9656
-21.5498
2674
1925
-25.8032
-46.5515
2675
323
23.0471
37.2532
2676
1223
-11.8169
-36.7989
2677
1491
5.17331
-26.2245
2678
1887
-46.6262
-16.0015
2679
2702
-16.267
-16.2786
2680
11
-41.7138
-6.97464
2681
2216
27.2873
-40.1397
2682
1073
29.8457
-13.1375
2683
543
-20.7207
27.6697
2684
1992
33.1552
-14.083
2685
658
11.2513
-40.6114
2686
2601
28.1031
31.6932
2687
988
12.4919
-13.5759
2688
2028
-0.968219
-45.3188
2689
1229
41.8877
-43.8603
2690
2724
23.6807
-9.29739
2691
2321
12.1131
-11.872
2692
2468
-35.4411
-37.7426
2693
2926
18.171
-40.229
2694
1047
-40.2574
45.8751
2695
831
23.4836
35.3103
2696
367
20.7175
22.2763
2697
1266
1.00425
25.0672
2698
197
18.5361
-27.5128
2699
1245
-24.5233
33.7152
2700
1481
15.2688
-33.3521
2701
1920
-44.3321
-13.8166
2702
235
-24.2113
-29.6349
2703
1302
-3.68151
-11.1997
2704
1603
4.9341
18.0386
2705
1345
-19.2295
-5.9091
2706
380
-20.4306
-10.4828
2707
921
-19.9987
-35.8533
2708
1169
-46.9652
20.5834
2709
410
43.3606
-10.654
2710
415
-16.8595
-18.0805
2711
2056
15.1742
-37.8962
2712
1530
45.5773
-33.9032
2713
2669
-43.1062
-16.7374
2714
155
-31.9849
-15.7733
2715
2472
7.17068
30.8693
2716
420
13.4153
6.79409
2717
1198
-24.0809
0.396283
2718
623
-34.9894
-43.288
2719
2869
-14.9209
-40.1139
2720
2677
13.5805
36.059
2721
509
-10.3812
31.5103
2722
2348
-32.156
-44.3281
2723
21
42.5433
-39.9478
2724
749
23.9152
-13.1029
2725
2788
34.433
-24.264
2726
87
21.8007
38.5184
2727
1117
-37.0714
6.72881
2728
707
4.43622
33.2575
2729
1277
-28.3121
-20.7446
2730
2755
-1.91026
34.1575
2731
2847
7.17032
-36.7465
2732
78
4.65961
-6.67281
2733
250
37.3702
-42.9528
2734
2597
41.3703
40.8025
2735
2880
-41.8618
-13.1798
2736
2545
-14.7634
26.249
2737
1236
16.615
-23.2909
2738
1444
20.1837
11.8159
2739
1669
37.2694
-16.9795
2740
2210
21.3009
39.7808
2741
1117
-28.5654
-37.72
2742
873
-40.3701
-46.1504
2743
1666
-16.4289
-4.04329
2744
380
-1.01498
20.8505
2745
1732
-18.8422
8.32964
2746
93
-8.99189
22.8408
2747
388
-27.1242
-23.7706
2748
1638
-11.832
-31.4949
2749
310
38.0144
-31.4066
2750
742
-33.4253
-34.4582
2751
923
-37.9679
-6.07188
2752
781
-31.6612
5.37335
2753
1774
2.20041
-32.3214
2754
2783
-24.7676
-18.4407
2755
1457
-20.6655
8.5067
2756
825
28.5076
-31.9247
2757
632
0.533803
37.2238
2758
424
-7.1255
-40.4655
2759
59
39.5648
-1.36639
2760
102
2.15691
-28.2622
2761
1389
33.6303
44.4526
2762
559
-28.1533
-32.6048
2763
2399
31.8118
8.73742
2764
2886
20.3018
46.8028
2765
1201
-13.2793
8.47172
2766
699
17.1022
-25.0564
2767
1700
-14.9038
38.9154
2768
547
-6.40372
7.80709
2769
2955
-4.88078
23.5185
2770
1679
35.4633
26.9335
2771
1279
-25.9317
43.7304
2772
1001
14.2827
-14.6579
2773
690
43.5861
21.2213
2774
2047
34.8987
39.8033
2775
1869
-10.3501
7.34143
2776
766
-9.78004
36.8053
2777
1049
-6.85522
-36.7968
2778
231
24.4271
-20.544
2779
814
29.7329
40.7127
2780
2415
41.5737
28.6362
2781
2901
-43.9795
35.2859
2782
1263
4.67271
-28.9212
2783
1824
31.7261
-38.3785
2784
2582
-32.8578
33.7849
2785
845
-31.3776
-32.6402
2786
2084
-33.0391
-1.83856
2787
1310
24.1479
-11.133
2788
1212
29.8775
-33.3419
2789
2757
12.2182
36.808
2790
611
-36.0274
15.3327
2791
55
-46.683
-41.0038
2792
1154
38.5509
-31.9337
2793
742
1.96213
-0.983034
2794
2456
-6.55925
25.4993
2795
1568
-24.4015
11.4639
2796
2848
-41.5493
7.69065
2797
2002
-4.00397
46.4219
2798
2247
-7.80532
-42.3251
2799
40
0.626328
-2.28478
2800
706
22.8054
45.7188
2801
1712
0.2394
-46.1618
2802
2173
11.7249
34.3496
2803
509
40.0148
-6.93163
2804
209
27.076
19.3165
2805
539
27.7259
-45.5718
2806
2440
-39.1931
20.2067
2807
2502
38.0963
22.2686
2808
2436
-21.1838
38.7227
2809
1903
-7.03216
35.3977
2810
1161
-9.34123
-31.9335
2811
1648
18.0924
-5.04404
2812
24
25.5754
34.5602
2813
909
43.0793
-12.637
2814
2710
10.0144
21.7275
2815
1187
14.7133
-18.4445
2816
181
19.5693
18.0506
2817
165
-5.07789
40.0215
2818
404
8.68086
-45.3243
2819
53
33.7411
23.9768
2820
1416
-44.0126
28.1089
2821
802
-27.842
-24.1437
2822
1638
34.6098
-15.966
2823
2524
7.69208
24.6774
2824
1453
-10.9528
9.24008
2825
714
17.7826
-37.2565
2826
2954
-11.0606
15.8406
2827
2268
17.1998
-14.4193
2828
1720
38.883
25.625
2829
72
-27.9951
31.9769
2830
2700
4.90717
-18.5435
2831
615
8.9036
-25.0792
2832
1505
-25.8969
-42.689
2833
1083
44.055
-6.14459
2834
1873
30.338
13.9553
2835
281
-1.77118
32.4866
2836
2298
-28.5588
0.692433
2837
1751
6.67308
3.25655
2838
2649
-40.0486
4.48256
2839
2728
5.22442
25.1195
2840
1662
36.9088
14.5291
2841
2928
-45.1627
44.1319
2842
520
-35.9057
28.6808
2843
220
37.4862
-26.1717
2844
1188
3.01517
39.5143
2845
865
-14.501
28.0506
2846
675
1.40438
35.7741
2847
110
-20.3078
11.8773
2848
1746
-2.97222
-43.3497
2849
2434
3.62543
-27.4519
2850
1438
-1.28889
-17.5125
2851
422
2.91685
-11.1638
2852
2020
-26.0223
-23.2949
2853
2361
-13.8405
36.8361
2854
1509
0.894389
23.2648
2855
2840
22.329
33.5477
2856
491
-9.99629
3.98095
2857
1061
-42.8221
19.0384
2858
2807
-45.7704
30.2736
2859
2365
31.0105
46.4341
2860
272
-46.2165
-1.5399
2861
2158
-36.6653
-3.55633
2862
1063
27.6849
-43.9887
2863
2923
1.3317
-23.8861
2864
2592
-17.865
19.5279
2865
2979
27.0006
32.6601
2866
1762
-41.3839
16.8755
2867
1262
42.6504
-22.7565
2868
1371
-33.2405
-40.2265
2869
578
-7.61218
25.5279
2870
1568
44.9249
23.8111
2871
796
-17.714
8.40531
2872
1996
-24.216
42.2896
2873
1001
-25.6071
30.2541
2874
1180
46.8087
-14.6196
2875
1399
-24.5913
-30.5341
2876
2036
-11.0957
-9.5741
2877
1383
39.2301
-1.70605
2878
2050
25.6034
-36.2908
2879
744
43.583
43.9611
2880
0
25.4876
29.1176
2881
2687
18.8527
13.1795
2882
1434
34.1368
-18.5783
2883
2823
40.2214
-10.9233
2884
936
-25.0146
15.2942
2885
554
32.9276
13.4128
2886
646
-5.18893
-43.2798
2887
889
34.7599
-29.037
2888
189
26.9068
13.5828
2889
1101
-7.72077
-43.9915
2890
2228
0.0487119
-33.1548
2891
2039
-23.3561
-14.3177
2892
2151
28.4354
-9.85086
2893
571
-3.35416
0.436591
2894
1330
-2.88613
29.4033
2895
1450
-19.4269
-22.519
2896
654
-38.5349
43.3213
2897
1074
-32.0781
-6.39937
2898
2959
6.23052
9.42463
2899
1149
41.8548
-42.0052
2900
749
41.4514
31.921
2901
516
-13.5827
-44.8764
2902
523
-9.65703
-24.2641
2903
117
29.9197
1.89622
2904
2256
-7.30084
34.2066
2905
1161
-24.135
36.4264
2906
2115
17.5203
-42.2455
2907
2694
-4.54721
-3.93646
2908
2330
42.3632
5.2038
2909
1380
-21.1181
25.2962
2910
2222
25.533
34.451
2911
2813
-18.5555
18.7515
2912
2979
-34.3114
-29.0421
2913
500
-41.5785
40.9138
2914
2589
-0.427839
35.1732
2915
134
11.8346
5.96965
2916
1198
36.6628
-29.8729
2917
2844
-24.5151
-28.7082
2918
1302
46.3421
-44.6523
2919
2218
5.308
-43.7511
2920
1542
8.73436
-6.23414
2921
1676
10.9782
9.89918
2922
6
28.5709
-40.1929
2923
1858
23.7068
-8.67738
2924
2321
-16.76
-12.7545
2925
1490
-33.2358
-34.989
2926
2786
-3.51717
1.10438
2927
2261
37.5363
16.536
2928
1811
19.1868
-28.6774
2929
1245
6.74473
-45.4177
2930
1737
-13.681
-23.4897
2931
18
34.723
-21.6377
2932
366
-7.86195
24.4365
2933
1568
40.4638
44.8224
2934
2107
-14.0727
-19.3132
2935
287
-42.8624
-9.71642
2936
1865
17.3996
-37.3842
2937
2954
18.2336
7.34908
2938
1945
-15.5428
45.0143
2939
650
-31.3065
34.7165
2940
1257
34.7585
-35.4627
2941
1497
-23.111
22.2762
2942
1413
-20.8586
-16.6166
2943
603
32.648
31.1356
2944
1467
-28.2403
35.987
2945
2906
19.9283
-30.4232
2946
320
38.1812
-31.9066
2947
742
-6.82324
-17.5434
2948
1728
41.6117
41.8306
2949
2880
30.2598
19.7169
2950
2516
35.9458
-1.43364
2951
2076
-20.4203
-29.6744
2952
1122
-19.266
-22.7002
2953
1541
18.4444
-33.8598
2954
2946
-2.99102
10.5285
2955
1506
-3.05972
-6.52483
2956
1993
7.33493
-2.467
2957
1559
-25.5185
-23.4049
2958
2361
-28.4205
-4.54748
2959
1295
-25.9063
-16.3221
2960
1899
17.3725
5.33669
2961
1108
-1.53947
-44.5236
2962
413
-21.3111
-9.2151
2963
171
2.92722
11.9347
2964
1810
-15.0121
18.993
2965
467
29.605
-7.46008
2966
2494
1.12599
-28.0475
2967
133
-20.8283
-34.058
2968
1200
-20.0098
29.9742
2969
712
14.5017
20.5956
2970
884
29.0837
-9.78985
2971
353
-20.6222
39.1019
2972
1496
39.9613
13.8079
2973
1163
-7.94499
45.4814
2974
1186
-31.4856
-22.8077
2975
2730
-24.3389
21.8098
2976
1413
12.5803
45.3505
2977
2311
-36.8894
-23.636
2978
2241
-16.0831
20.6877
2979
1882
0.787543
3.29746
2980
2152
24.9174
-25.3321
2981
1538
-24.7408
45.9889
2982
2578
-3.90968
-35.7192
2983
1249
39.7781
34.2105
2984
349
28.3601
-32.5648
2985
632
-0.307213
41.2461
2986
1754
31.0079
-33.5433
2987
330
-39.561
-36.7314
2988
557
38.7425
-7.72046
2989
269
45.2955
-18.6797
2990
306
-35.8961
-31.6387
2991
2113
42.7678
37.4011
2992
2163
37.5018
-37.1436
2993
1721
14.2927
43.4642
2994
804
-34.6164
4.90289
2995
1774
42.2408
39.0383
2996
1346
-0.57197
29.9647
2997
619
1.85635
0.386731
2998
85
-29.253
20.5011
2999
866
